#Wang 700B ROM
                            A M
                A B B       O O K S J J 
                C D C A B Z P P K T H L JAD

000 0 0		0 0 1 0 1 3 6 D F D 0 0 1BA
000 0 1		0 0 0 0 0 3 6 8 0 D 0 0 160
000 1 0		0 0 1 0 1 3 6 8 5 D 1 1 161
000 1 1		0 0 0 0 0 3 6 8 0 0 0 1 164

001 0 0		1 0 0 2 0 2 4 8 0 D 1 1 1B9
001 0 1		0 0 1 0 1 3 6 9 2 D 1 0 0B5
001 1 0		0 0 0 0 0 3 6 9 0 D 1 0 0B6
001 1 1		0 0 2 0 0 3 4 9 0 D 1 0 0B6

002 0 0		0 0 0 0 0 0 0 0 0 0 0 0 000
002 0 1		0 0 0 0 0 0 0 0 0 0 0 0 000
002 1 0		0 0 0 0 0 0 0 0 0 0 0 0 000
002 1 1		0 0 0 0 0 0 0 0 0 0 0 0 000

003 0 0		0 0 0 0 0 0 0 0 0 0 0 0 000
003 0 1		0 0 0 0 0 0 0 0 0 0 0 0 000
003 1 0		0 0 0 0 0 0 0 0 0 0 0 0 000
003 1 1		0 0 0 0 0 0 0 0 0 0 0 0 000

004 0 0		0 0 0 0 0 7 6 1 0 0 0 0 160
004 0 1		0 0 1 0 1 7 6 1 F 0 0 0 160
004 1 0		0 0 1 0 1 3 6 1 D 3 0 0 160
004 1 1		0 0 1 0 1 7 6 1 F 0 1 1 010

005 0 0		1 0 0 1 0 1 6 8 0 C 1 0 008
005 0 1		1 0 1 6 1 0 5 8 7 0 1 0 160
005 1 0		1 0 0 1 0 1 6 8 0 C 1 0 008
005 1 1		0 0 1 0 1 3 6 8 C D 1 1 160

006 0 0		0 0 1 0 1 3 2 8 C 0 0 0 161
006 0 1		1 0 0 4 0 3 6 8 0 3 1 3 0B9
006 1 0		1 0 2 3 0 3 0 4 F 0 0 1 161
006 1 1		1 0 2 3 0 3 0 4 F 0 0 1 161

007 0 0		1 0 1 7 1 6 6 8 F 1 1 4 0BA
007 0 1		1 0 1 7 1 6 6 8 F 2 0 4 0BB
007 1 0		0 0 1 0 1 3 6 8 9 0 0 1 162
007 1 1		1 0 1 7 1 6 6 8 F D 1 4 0BB

008 0 0		1 0 0 5 0 7 6 0 0 3 0 0 163
008 0 1		1 0 0 4 0 7 6 0 0 4 0 0 163
008 1 0		0 0 0 0 0 4 6 8 0 0 0 0 1A2
008 1 1		1 0 0 6 0 6 6 0 0 D 1 0 008

009 0 0		1 0 0 1 0 2 6 8 0 3 0 1 119
009 0 1		1 0 0 7 0 7 6 8 0 0 0 1 0BC
009 1 0		1 0 1 5 1 5 2 8 A 0 1 0 163
009 1 1		1 0 1 5 1 5 2 8 4 0 0 0 164

00A 0 0		0 0 1 0 1 3 6 8 5 D 1 0 162
00A 0 1		1 0 0 4 0 1 7 4 D 0 0 1 17D
00A 1 0		1 0 0 4 0 1 7 8 0 3 1 0 18C
00A 1 1		1 0 0 4 0 1 7 8 0 5 1 0 18C

00B 0 0		0 0 0 0 0 5 6 8 0 0 1 0 165
00B 0 1		1 0 0 5 0 5 6 6 0 0 2 4 00B
00B 1 0		0 0 1 0 1 5 6 8 8 0 3 3 00C
00B 1 1		1 0 0 5 0 5 6 6 0 0 2 4 00B

00C 0 0		0 0 1 0 1 3 2 E 4 0 1 1 1AF
00C 0 1		1 0 0 1 0 1 6 E 0 6 0 0 150
00C 1 0		1 0 0 1 0 1 6 E 0 6 0 0 150
00C 1 1		1 0 0 1 0 1 6 E 0 6 0 0 150

00D 0 0		1 0 0 2 0 2 4 8 0 0 0 1 166
00D 0 1		1 0 0 2 0 2 4 8 0 0 0 1 166
00D 1 0		0 0 1 0 1 3 6 8 3 6 1 1 166
00D 1 1		0 0 1 0 1 3 6 8 5 D 0 1 170

00E 0 0		1 0 0 3 0 3 1 4 F 0 3 1 11A
00E 0 1		0 0 1 0 1 3 6 8 F 3 0 0 0BE
00E 1 0		0 0 1 0 1 3 6 8 3 2 0 1 167
00E 1 1		0 0 1 0 1 3 6 8 3 1 1 0 021

00F 0 0		1 0 0 6 0 1 6 0 0 1 1 1 167
00F 0 1		1 0 0 6 0 2 6 0 0 2 1 1 167
00F 1 0		0 0 1 0 1 3 6 2 3 5 0 0 168
00F 1 1		1 0 0 6 0 3 6 0 0 6 1 0 00F

010 0 0		0 0 2 0 0 3 0 8 0 0 1 0 168
010 0 1		0 0 1 0 1 3 6 8 7 0 0 1 023
010 1 0		1 0 0 1 0 1 6 4 D D 1 1 17B
010 1 1		1 0 2 6 0 6 4 4 D 0 1 0 173

011 0 0		0 0 1 0 1 3 6 8 5 0 0 1 169
011 0 1		0 0 1 0 1 3 6 8 5 0 0 1 169
011 1 0		1 0 0 4 0 0 6 8 0 0 0 1 0C0
011 1 1		0 0 1 0 1 3 6 8 5 0 0 1 169

012 0 0		0 0 1 0 1 1 6 9 F 3 2 1 126
012 0 1		0 0 1 0 1 3 6 8 6 0 0 0 16B
012 1 0		0 0 1 0 1 1 6 9 F 3 2 1 126
012 1 1		1 0 0 5 0 0 6 8 0 0 2 2 013

013 0 0		0 0 1 0 1 3 6 8 3 0 1 1 169
013 0 1		0 0 1 0 1 3 6 8 7 8 1 0 16A
013 1 0		0 0 1 0 1 3 6 8 7 4 1 0 16A
013 1 1		0 0 1 0 1 1 6 8 F D 2 2 014

014 0 0		0 0 0 0 0 6 1 5 D 0 0 1 16A
014 0 1		0 0 1 0 1 3 6 8 7 D 0 0 014
014 1 0		0 0 1 0 1 2 6 9 E 1 0 1 0C2
014 1 1		0 0 1 0 1 3 6 8 5 D 1 1 01C

015 0 0		0 0 1 0 1 3 6 8 3 3 1 1 117
015 0 1		0 0 1 0 1 3 6 8 3 2 1 0 164
015 1 0		0 0 0 0 0 5 6 4 D 2 1 1 174
015 1 1		0 0 0 0 0 5 6 4 D 0 1 1 174

016 0 0		1 0 0 3 0 3 1 4 F 0 3 3 031
016 0 1		1 0 0 3 0 3 1 4 F 0 3 3 032
016 1 0		0 0 0 0 0 7 6 5 F 0 0 1 16D
016 1 1		0 0 0 0 0 3 6 8 0 0 1 0 016

017 0 0		0 0 0 0 0 1 6 8 0 0 1 1 196
017 0 1		0 0 1 0 1 3 6 8 D D 0 0 193
017 1 0		0 0 1 0 1 6 6 8 1 0 0 0 08C
017 1 1		0 0 1 0 1 6 6 8 2 D 1 1 05A

018 0 0		0 0 1 0 1 3 6 8 3 0 1 1 018
018 0 1		0 0 1 0 1 3 6 8 D D 0 1 0D4
018 1 0		1 0 0 5 0 0 6 9 0 0 1 0 16B
018 1 1		1 0 0 1 0 1 6 4 D 0 0 1 16B

019 0 0		0 0 0 0 0 3 2 8 0 0 0 1 135
019 0 1		0 0 0 0 0 3 2 8 0 0 0 1 04F
019 1 0		0 0 0 0 0 3 4 8 0 D 1 0 0D8
019 1 1		0 0 0 0 0 3 2 8 0 4 1 1 135

01A 0 0		1 0 0 1 0 1 6 4 F 0 1 0 18B
01A 0 1		1 0 0 1 0 1 6 2 0 0 0 5 0EC
01A 1 0		1 0 0 1 0 1 6 2 0 0 1 5 0EC
01A 1 1		0 0 1 0 1 2 6 9 F 0 0 3 0C2

01B 0 0		1 0 0 1 0 1 6 8 0 8 0 1 01B
01B 0 1		1 0 0 5 0 5 6 8 0 1 0 4 0C5
01B 1 0		1 0 0 6 0 6 6 0 0 1 0 0 16F
01B 1 1		0 0 1 0 1 6 6 0 3 0 1 1 16C

01C 0 0		1 0 0 6 0 6 6 0 0 0 0 1 16F
01C 0 1		1 0 0 5 0 5 6 8 0 6 1 4 0C5
01C 1 0		1 0 0 6 0 6 6 0 0 0 0 0 162
01C 1 1		0 0 0 0 0 3 4 4 D 0 1 0 16C

01D 0 0		0 0 0 0 0 3 4 8 0 0 2 2 01E
01D 0 1		1 0 0 6 0 0 6 8 0 0 2 2 01D
01D 1 0		0 0 1 0 1 6 6 0 3 D 1 1 16D
01D 1 1		1 0 0 6 0 6 6 0 0 0 1 4 0C6

01E 0 0		1 0 0 1 0 1 6 8 0 D 0 3 0C6
01E 0 1		0 0 1 0 1 0 6 8 C 0 0 0 0C6
01E 1 0		0 0 1 0 1 6 6 0 4 D 1 0 16D
01E 1 1		0 0 1 0 1 6 6 0 4 0 0 1 020

01F 0 0		0 0 1 0 1 7 6 1 F 0 1 0 16E
01F 0 1		0 0 0 0 0 7 6 1 0 0 1 1 16E
01F 1 0		0 0 1 0 1 7 6 1 F 0 1 0 16E
01F 1 1		1 0 0 7 0 7 6 1 0 0 1 1 16E

020 0 0		0 0 0 0 0 3 6 8 0 5 0 0 170
020 0 1		0 0 1 0 1 4 6 8 1 0 0 0 1A2
020 1 0		0 0 0 0 0 3 6 8 0 1 0 0 170
020 1 1		1 0 0 1 0 1 6 8 0 0 1 0 1AE

021 0 0		1 0 0 6 0 1 6 0 0 3 0 0 170
021 0 1		1 0 0 6 0 2 6 0 0 4 0 0 170
021 1 0		1 0 1 0 2 0 6 5 D 0 1 1 16F
021 1 1		1 0 0 6 0 3 6 0 0 8 2 1 124

022 0 0		0 0 1 0 1 4 6 8 1 0 0 0 1A2
022 0 1		0 0 1 0 1 3 6 2 C 0 0 1 18E
022 1 0		1 0 1 1 1 1 3 8 F 0 0 0 0FF
022 1 1		0 0 1 0 1 4 6 C 0 D 0 1 1A5

023 0 0		1 0 0 6 0 0 6 0 0 0 0 0 171
023 0 1		0 0 2 0 0 1 0 4 D 0 0 0 023
023 1 0		1 0 0 1 0 1 6 4 D 0 2 2 025
023 1 1		1 0 0 4 0 0 6 4 D 5 2 2 024

024 0 0		1 0 0 1 0 1 6 8 0 0 3 3 027
024 0 1		1 0 1 6 1 6 5 0 3 0 1 2 0C9
024 1 0		0 0 1 0 1 0 6 8 8 0 0 1 171
024 1 1		0 0 1 0 1 0 6 8 9 0 0 1 171

025 0 0		1 0 1 6 1 6 5 0 3 0 0 1 020
025 0 1		0 0 1 0 1 1 6 8 4 0 1 0 171
025 1 0		0 0 1 0 1 1 6 8 5 0 1 0 171
025 1 1		1 0 1 6 1 7 5 0 3 0 1 1 1A7

026 0 0		1 0 0 1 0 5 6 8 0 0 1 1 171
026 0 1		1 0 1 1 1 1 6 8 2 1 1 1 026
026 1 0		1 0 0 5 0 2 6 8 0 D 2 2 026
026 1 1		0 0 1 0 1 6 6 0 3 0 0 0 026

027 0 0		1 0 0 6 0 6 6 0 0 3 1 1 1A7
027 0 1		0 0 2 0 0 2 0 8 0 1 0 1 024
027 1 0		1 0 0 6 0 6 6 0 0 3 1 1 1A7
027 1 1		1 0 0 6 0 6 6 0 0 0 1 1 1A7

028 0 0		1 0 0 6 0 6 6 0 0 0 0 4 0CB
028 0 1		1 0 0 6 0 6 6 0 0 0 1 4 0CA
028 1 0		1 0 0 7 0 7 6 1 0 0 0 4 0CB
028 1 1		1 0 0 7 0 7 6 1 0 0 1 4 0CA

029 0 0		1 0 0 3 0 3 1 4 F 0 0 0 178
029 0 1		0 0 1 0 1 3 6 8 A 0 0 1 179
029 1 0		1 0 0 1 0 1 6 4 F 0 1 0 172
029 1 1		1 0 1 4 1 6 6 8 7 0 0 4 0D3

02A 0 0		0 0 0 0 0 3 6 4 D 0 1 0 17A
02A 0 1		1 0 1 4 1 6 6 8 5 0 1 4 0CB
02A 1 0		1 0 0 3 0 3 1 4 F 0 2 2 036
02A 1 1		1 0 0 3 0 3 1 4 F 4 2 2 036

02B 0 0		1 0 0 3 0 3 4 4 C 0 0 0 173
02B 0 1		1 0 0 0 0 0 1 8 0 0 0 0 02B
02B 1 0		1 0 0 3 0 3 4 4 C 0 0 0 173
02B 1 1		0 0 1 0 1 3 6 8 3 0 0 1 1C3

02C 0 0		1 0 1 6 1 7 6 1 8 0 0 1 168
02C 0 1		1 0 0 6 0 7 6 1 0 0 0 1 168
02C 1 0		1 0 0 6 0 7 6 1 0 0 0 1 173
02C 1 1		1 0 0 6 0 7 6 1 0 0 0 1 173

02D 0 0		1 0 1 6 1 6 5 8 7 0 0 1 174
02D 0 1		1 0 0 3 0 4 6 2 0 D 0 1 160
02D 1 0		1 0 2 3 0 3 2 2 0 D 0 6 0CC
02D 1 1		1 0 1 5 7 7 6 8 0 0 0 4 0CE

02E 0 0		1 0 0 1 0 6 6 0 0 3 1 0 02E
02E 0 1		1 0 0 2 0 6 6 0 0 4 1 0 02E
02E 1 0		1 0 0 3 0 3 1 4 D 0 3 3 02E
02E 1 1		1 0 0 4 0 6 6 0 0 D 1 0 008

02F 0 0		0 0 1 0 1 6 6 0 3 0 0 1 020
02F 0 1		1 0 0 6 0 6 6 0 0 0 1 0 008
02F 1 0		1 0 1 6 1 6 5 0 3 0 0 1 020
02F 1 1		0 0 1 0 1 6 6 0 1 0 0 1 1C5

030 0 0		1 0 0 0 0 0 1 8 0 0 0 1 030
030 0 1		1 0 2 3 0 3 2 4 C 0 1 1 175
030 1 0		0 0 1 0 1 3 6 8 3 0 0 0 176
030 1 1		1 0 2 3 0 3 2 4 C 0 1 1 175

031 0 0		1 0 0 7 0 7 6 1 0 3 1 4 0D0
031 0 1		1 0 0 7 0 7 6 1 0 4 0 4 0D1
031 1 0		1 0 1 4 7 3 2 8 0 0 5 0 128
031 1 1		1 0 0 7 0 7 6 1 0 D 1 0 031

032 0 0		0 0 1 0 1 7 6 1 0 3 0 1 016
032 0 1		0 0 1 0 1 7 6 1 0 4 0 1 016
032 1 0		0 0 1 0 1 7 6 1 0 D 1 0 176
032 1 1		0 0 1 0 1 7 6 1 1 7 0 1 016

033 0 0		0 0 1 0 1 7 6 1 3 3 1 0 176
033 0 1		0 0 1 0 1 7 6 1 1 4 1 0 176
033 1 0		0 0 1 0 1 7 6 1 1 D 1 1 176
033 1 1		0 0 1 0 1 7 6 1 4 7 1 0 176

034 0 0		0 0 1 0 1 7 6 1 5 3 1 1 176
034 0 1		0 0 1 0 1 7 6 1 9 4 1 1 176
034 1 0		0 0 1 0 1 7 6 1 6 D 0 0 177
034 1 1		0 0 1 0 1 7 6 1 2 7 1 1 176

035 0 0		0 0 1 0 1 7 6 1 5 3 0 0 177
035 0 1		0 0 1 0 1 7 6 1 3 4 0 0 177
035 1 0		0 0 1 0 1 7 6 1 9 D 0 1 020
035 1 1		0 0 1 0 1 7 6 1 5 7 0 0 177

036 0 0		0 0 1 0 1 7 6 1 9 1 1 0 02A
036 0 1		0 0 1 0 1 7 6 1 5 2 1 0 02A
036 1 0		0 0 1 0 1 7 6 1 3 6 0 1 177
036 1 1		0 0 1 0 1 7 6 1 1 5 1 0 02A

037 0 0		0 0 1 0 1 7 6 1 1 1 0 1 177
037 0 1		0 0 1 0 1 7 6 1 0 2 0 1 177
037 1 0		0 0 1 0 1 7 6 1 2 6 1 2 177
037 1 1		0 0 1 0 1 7 6 1 0 5 0 1 177

038 0 0		0 0 1 0 1 7 6 1 0 1 1 0 177
038 0 1		0 0 1 0 1 7 6 1 5 2 1 0 177
038 1 0		0 0 1 0 1 7 6 1 2 6 1 1 177
038 1 1		0 0 1 0 1 7 6 1 7 5 1 0 177

039 0 0		0 0 1 0 1 7 6 1 9 1 1 1 177
039 0 1		0 0 1 0 1 7 6 1 5 2 1 1 177
039 1 0		0 0 1 0 1 7 6 1 7 6 3 0 129
039 1 1		0 0 1 0 1 7 6 1 7 5 1 1 177

03A 0 0		0 0 0 0 0 6 6 0 0 0 0 1 020
03A 0 1		0 0 1 0 1 6 6 0 8 D 0 1 168
03A 1 0		0 0 1 0 1 6 6 0 8 0 0 1 020
03A 1 1		0 0 0 0 0 6 6 0 0 D 0 1 168

03B 0 0		1 0 0 7 0 7 6 8 0 B 0 1 178
03B 0 1		1 0 0 7 0 7 6 1 0 A 0 1 0D3
03B 1 0		1 0 0 7 0 7 6 1 0 B 1 1 178
03B 1 1		1 0 0 7 0 7 6 1 0 B 1 0 178

03C 0 0		0 0 1 0 1 4 6 8 1 0 0 0 1A2
03C 0 1		1 0 0 3 0 3 1 4 F 0 3 3 03D
03C 1 0		0 0 0 0 0 5 6 8 0 D 0 1 168
03C 1 1		1 0 0 1 0 1 6 4 F 5 0 0 03D

03D 0 0		1 0 1 6 1 6 6 0 1 3 2 2 03C
03D 0 1		0 0 1 0 1 7 6 1 9 4 2 2 03C
03D 1 0		0 0 0 0 0 3 6 8 0 0 2 2 03C
03D 1 1		0 0 0 0 0 7 6 1 0 4 1 0 03C

03E 0 0		0 0 1 0 1 6 6 0 2 0 0 1 020
03E 0 1		0 0 1 0 1 6 6 0 3 0 0 1 020
03E 1 0		0 0 1 0 1 6 6 0 1 0 0 1 020
03E 1 1		0 0 0 0 0 6 6 0 0 0 0 1 020

03F 0 0		1 0 0 6 0 6 6 0 0 3 0 4 0D4
03F 0 1		1 0 0 6 0 6 6 0 0 4 0 4 0D4
03F 1 0		1 0 0 6 0 3 6 0 0 0 1 4 0D4
03F 1 1		1 0 1 6 1 0 0 8 C 0 5 0 12C

040 0 0		1 1 3 6 7 6 3 0 0 0 5 1 12D
040 0 1		1 1 3 6 7 6 3 0 0 0 1 0 17E
040 1 0		1 1 1 6 7 6 3 0 0 7 1 3 0D6
040 1 1		1 1 1 6 7 6 3 0 0 0 1 0 17E

041 0 0		1 0 0 6 0 6 6 0 0 0 3 0 130
041 0 1		1 0 0 7 0 7 6 1 0 0 3 0 130
041 1 0		1 0 0 4 0 7 6 0 0 0 1 1 180
041 1 1		1 0 0 4 0 6 6 1 0 0 0 0 181

042 0 0		0 0 0 0 0 6 6 0 0 0 0 1 0DD
042 0 1		0 0 0 0 0 7 6 1 0 0 0 1 0DD
042 1 0		0 0 0 0 6 6 0 0 0 0 0 0 0DD
042 1 1		0 0 0 0 0 7 6 1 0 0 0 0 0DD

043 0 0		1 0 0 7 0 5 6 1 0 3 1 0 131
043 0 1		1 0 0 7 0 4 6 1 0 4 1 0 131
043 1 0		1 0 0 1 0 1 6 4 F 8 1 1 181
043 1 1		1 0 0 7 0 7 6 1 0 0 2 4 044

044 0 0		0 0 1 0 1 6 6 8 9 2 0 0 18A
044 0 1		0 0 1 0 1 6 6 8 9 6 0 0 18A
044 1 0		0 0 1 0 1 6 6 8 8 6 0 0 18A
044 1 1		0 0 1 0 1 6 6 8 8 2 0 0 18A

045 0 0		0 0 0 0 0 5 2 8 0 D 0 0 0DA
045 0 1		0 0 1 0 1 5 6 8 1 0 1 0 182
045 1 0		0 0 1 0 1 3 6 8 1 0 0 0 137
045 1 1		1 0 0 1 0 1 6 4 E 6 0 0 17E

046 0 0		1 0 0 1 0 1 6 4 E 0 3 0 132
046 0 1		0 0 0 0 0 3 4 8 0 4 0 0 0E4
046 1 0		0 0 1 0 1 3 6 8 F 1 1 0 01A
046 1 1		1 0 1 1 1 6 6 8 F 0 0 4 0FA

047 0 0		0 0 1 0 1 3 6 2 E 4 0 5 0E1
047 0 1		0 0 1 0 1 3 6 2 E 8 1 5 0E1
047 1 0		0 0 1 0 1 3 6 2 E 8 0 5 0E1
047 1 1		0 0 1 0 1 3 6 8 F 1 1 0 01A

048 0 0		1 1 3 6 5 4 4 8 0 4 0 0 046
048 0 1		1 1 3 6 5 5 3 8 0 B 5 1 132
048 1 0		1 1 1 6 5 4 2 8 0 4 0 0 046
048 1 1		1 1 1 6 5 5 3 8 0 B 5 0 133

049 0 0		0 0 0 0 0 3 4 8 0 4 0 0 0E4
049 0 1		1 0 1 4 1 5 0 8 A 0 5 1 133
049 1 0		1 0 0 4 0 5 6 8 0 0 0 1 133
049 1 1		0 0 1 0 1 3 6 2 F 4 1 5 0E0

04A 0 0		1 0 0 4 0 4 2 4 E 4 1 1 185
04A 0 1		1 0 0 4 0 4 4 4 E 8 1 1 185
04A 1 0		1 0 0 4 0 4 4 4 E 8 1 1 185
04A 1 1		1 0 0 4 0 4 2 4 E 4 1 1 185

04B 0 0		1 1 3 6 4 6 3 0 0 0 2 0 135
04B 0 1		1 1 3 7 4 7 3 1 0 0 2 0 135
04B 1 0		1 1 1 6 4 6 3 0 0 0 2 0 135
04B 1 1		1 1 1 7 4 7 3 1 0 0 2 0 135

04C 0 0		1 0 1 4 1 4 4 8 F D 0 1 186
04C 0 1		0 0 1 0 1 3 6 8 1 0 0 0 137
04C 1 0		0 0 1 0 1 3 6 8 1 0 0 0 137
04C 1 1		1 0 3 3 5 3 4 2 0 D 1 5 0E5

04D 0 0		0 1 3 0 6 6 3 0 0 0 0 1 186
04D 0 1		0 1 3 0 7 7 3 1 0 0 0 1 186
04D 1 0		1 0 1 6 1 6 6 0 1 0 0 1 04C
04D 1 1		1 0 1 7 1 7 6 1 1 0 0 1 04C

04E 0 0		1 0 0 4 0 4 6 0 0 0 0 0 187
04E 0 1		1 0 0 4 0 4 6 1 0 0 0 1 187
04E 1 0		1 0 0 4 0 4 6 0 0 2 1 0 187
04E 1 1		1 0 0 4 0 4 6 1 0 2 1 0 187

04F 0 0		0 0 1 0 1 3 6 8 1 D 1 0 184
04F 0 1		1 0 0 3 0 3 1 4 F 0 0 0 188
04F 1 0		1 0 0 1 0 1 6 2 0 6 1 5 0D5
04F 1 1		1 0 0 1 0 1 6 4 E 0 1 0 043

050 0 0		0 0 0 0 0 6 6 0 0 0 1 2 0E6
050 0 1		0 0 0 0 0 7 6 1 0 0 1 2 0E6
050 1 0		0 0 0 0 0 6 6 0 0 6 2 1 136
050 1 1		0 0 0 0 0 7 6 1 0 0 0 1 136

051 0 0		0 0 1 0 1 3 6 2 E 4 3 5 052
051 0 1		0 0 1 0 1 3 6 2 E 4 3 5 053
051 1 0		0 0 1 0 1 3 6 2 E 4 3 5 053
051 1 1		0 0 1 0 1 3 6 2 E 4 3 5 052

052 0 0		1 1 1 6 5 6 2 0 0 0 2 2 051
052 0 1		1 1 1 7 5 7 2 1 0 0 2 2 051
052 1 0		1 1 3 6 4 6 3 0 0 D 5 0 138
052 1 1		1 1 3 7 4 7 3 1 0 D 5 0 138

053 0 0		1 1 3 6 5 6 4 0 0 0 2 2 051
053 0 1		1 1 3 7 5 7 4 1 0 0 2 2 051
053 1 0		1 1 1 6 4 6 3 0 0 D 5 2 054
053 1 1		1 1 1 7 4 7 3 1 0 D 5 2 054

054 0 0		0 0 1 0 1 3 6 8 4 0 1 1 18A
054 0 1		0 0 1 0 1 3 6 8 4 0 1 1 18A
054 1 0		0 0 1 0 1 3 6 8 4 C 1 1 18A
054 1 1		0 0 1 0 1 3 6 8 F D 0 1 136

055 0 0		0 1 3 0 6 6 4 0 0 4 0 1 18A
055 0 1		0 1 3 0 7 7 4 1 0 4 0 1 18A
055 1 0		0 1 3 0 6 6 3 0 0 8 1 0 18A
055 1 1		0 1 3 0 7 7 3 1 0 8 1 0 18A

056 0 0		0 0 1 0 1 4 6 8 1 0 0 0 1A2
056 0 1		1 0 1 1 1 6 6 8 F 0 0 4 0FA
056 1 0		0 0 1 0 1 3 6 8 1 D 2 2 045
056 1 1		0 0 1 0 1 3 6 8 C 0 1 2 0EB

057 0 0		1 0 0 7 0 6 6 0 0 0 0 0 0EF
057 0 1		1 0 0 7 0 7 6 1 0 0 0 0 0EF
057 1 0		1 0 0 7 0 6 6 0 0 0 0 0 01A
057 1 1		1 0 0 7 0 7 6 1 0 0 0 0 01A

058 0 0		1 0 0 7 0 7 6 0 0 0 1 2 0ED
058 0 1		1 0 0 7 0 7 6 1 0 0 1 2 0ED
058 1 0		1 0 0 7 0 7 6 0 0 0 1 0 01A
058 1 1		1 0 0 7 0 7 6 1 0 0 1 0 01A

059 0 0		1 0 0 6 0 6 6 0 0 0 0 1 0EE
059 0 1		1 0 0 6 0 7 6 1 0 0 0 1 0EE
059 1 0		1 0 0 6 0 6 6 0 0 0 0 2 0EF
059 1 1		1 0 0 6 0 7 6 1 0 0 0 2 0EF

05A 0 0		0 0 0 0 0 7 6 1 0 2 1 1 05A
05A 0 1		0 0 1 0 1 7 6 1 1 5 1 0 19F
05A 1 0		0 0 1 0 1 3 6 1 1 1 1 1 05A
05A 1 1		1 0 0 3 0 3 1 5 D 3 5 2 05A

05B 0 0		0 0 1 0 1 4 6 8 1 0 0 0 1A2
05B 0 1		0 0 1 0 1 4 6 8 3 0 0 0 1A2
05B 1 0		0 0 1 0 1 4 6 8 3 0 0 0 1A2
05B 1 1		0 0 1 0 1 4 6 8 1 0 0 0 1A2

05C 0 0		0 0 0 0 0 7 6 1 0 0 1 0 18E
05C 0 1		0 0 1 0 1 7 6 1 1 0 1 0 18E
05C 1 0		0 0 0 0 0 6 6 1 0 0 3 1 13A
05C 1 1		0 0 1 0 1 7 6 1 1 0 3 1 13A

05D 0 0		1 0 0 4 0 4 6 1 0 1 0 0 190
05D 0 1		1 0 0 6 0 6 6 1 0 2 0 0 190
05D 1 0		1 0 0 5 0 5 6 1 0 0 1 1 164
05D 1 1		1 0 0 7 0 7 6 1 0 5 0 0 190

05E 0 0		0 0 1 0 1 4 6 8 1 C 0 0 1A2
05E 0 1		0 0 0 0 0 3 6 4 F 4 0 0 13C
05E 1 0		1 0 0 3 0 3 1 4 F 0 3 0 13C
05E 1 1		0 0 1 0 1 4 6 8 1 C 0 0 1A2

05F 0 0		0 0 1 0 1 7 6 1 1 2 1 0 0F1
05F 0 1		1 0 0 3 0 3 1 4 D B 2 1 13D
05F 1 0		0 0 0 0 0 7 6 1 0 0 1 0 0F1
05F 1 1		0 0 1 0 1 7 6 1 1 0 1 1 191

060 0 0		1 0 2 3 0 3 0 4 F 0 5 1 13F
060 0 1		1 0 0 1 0 1 6 4 F 4 0 0 140
060 1 0		0 0 0 0 0 3 6 8 0 0 0 1 193
060 1 1		1 0 0 1 0 1 6 4 F 8 1 0 193

061 0 0		1 0 0 7 0 7 6 1 0 0 0 1 194
061 0 1		1 0 0 7 0 5 6 1 0 0 0 1 194
061 1 0		1 0 0 7 0 5 6 1 0 1 0 1 140
061 1 1		1 0 0 7 0 2 6 1 0 0 0 1 194

062 0 0		1 0 0 5 0 7 6 1 0 0 1 0 195
062 0 1		1 0 0 7 0 7 6 1 0 0 1 0 195
062 1 0		1 0 0 5 0 7 6 1 0 D 0 1 0F4
062 1 1		1 0 0 7 0 7 6 1 0 D 0 1 0F4

063 0 0		1 0 0 7 0 7 6 1 0 3 0 1 064
063 0 1		1 0 0 7 0 7 6 1 0 4 0 1 064
063 1 0		1 1 0 6 0 6 3 1 0 0 5 2 064
063 1 1		1 1 1 6 1 6 2 8 5 7 0 0 196

064 0 0		0 0 1 0 1 5 6 8 1 1 1 0 196
064 0 1		0 0 2 0 0 2 0 4 E 0 1 1 195
064 1 0		0 0 1 0 1 7 6 1 1 1 0 1 196
064 1 1		0 0 2 0 0 2 0 4 E 0 1 1 195

065 0 0		1 0 0 7 0 7 6 1 0 B 0 1 0F5
065 0 1		1 0 0 7 0 7 6 1 0 A 1 0 065
065 1 0		1 0 1 0 1 6 6 8 6 0 1 4 0F5
065 1 1		0 0 1 0 1 7 6 1 1 0 0 1 0F1

066 0 0		1 0 0 7 0 7 2 1 0 3 0 1 198
066 0 1		1 0 0 7 0 7 7 1 0 4 0 1 198
066 1 0		1 0 0 1 0 1 6 4 F 0 3 3 066
066 1 1		1 0 0 7 0 7 6 1 0 2 0 1 198

067 0 0		1 0 0 7 0 7 6 1 0 0 1 0 066
067 0 1		1 0 0 7 0 7 6 1 0 0 1 0 066
067 1 0		1 0 0 7 0 7 7 1 0 0 1 0 198
067 1 1		1 0 1 7 1 7 2 8 A 0 1 0 067

068 0 0		1 0 0 7 0 7 7 1 0 0 1 1 198
068 0 1		1 0 1 7 1 7 2 8 A 0 0 0 068
068 1 0		1 0 0 7 0 7 7 1 0 0 0 1 0F4
068 1 1		1 0 1 7 1 7 2 8 A 0 1 0 068

069 0 0		0 0 1 0 1 7 6 1 4 1 0 1 199
069 0 1		0 0 1 0 1 7 6 1 3 2 0 1 199
069 1 0		0 0 1 0 1 7 6 1 2 6 1 0 199
069 1 1		0 0 1 0 1 7 6 1 4 5 0 1 199

06A 0 0		0 0 1 0 1 7 6 1 9 1 1 0 199
06A 0 1		0 0 1 0 1 7 6 1 4 2 1 0 199
06A 1 0		0 0 1 0 1 7 6 1 8 6 1 1 199
06A 1 1		0 0 1 0 1 7 6 1 4 5 1 0 199

06B 0 0		0 0 1 0 1 7 6 1 1 1 1 1 199
06B 0 1		0 0 1 0 1 7 6 1 9 2 1 1 199
06B 1 0		0 0 1 0 1 7 6 1 3 6 0 0 19A
06B 1 1		0 0 1 0 1 7 6 1 0 5 1 1 199

06C 0 0		0 0 0 0 0 7 6 1 0 0 0 0 19A
06C 0 1		0 0 0 0 0 7 6 1 0 0 0 0 19A
06C 1 0		0 0 0 0 0 7 6 1 0 D 1 0 08A
06C 1 1		0 0 0 0 0 7 6 1 0 D 0 1 08A

06D 0 0		1 1 3 6 5 6 3 0 0 0 0 1 19B
06D 0 1		1 1 1 6 5 6 3 0 0 0 0 0 19B
06D 1 0		1 1 3 6 5 6 3 0 0 B 1 1 19A
06D 1 1		1 1 1 6 5 6 3 0 0 B 1 1 19A

06E 0 0		1 0 2 6 0 6 4 8 0 0 0 2 0F7
06E 0 1		1 0 0 4 0 4 1 8 0 0 1 0 19B
06E 1 0		1 0 2 6 0 6 4 8 0 0 0 2 0F7
06E 1 1		1 0 2 6 0 6 4 8 0 0 0 2 0F7

06F 0 0		1 0 0 1 0 1 6 8 0 D 2 2 070
06F 0 1		1 0 0 1 0 1 6 8 0 D 2 2 071
06F 1 0		1 0 0 1 0 1 6 8 0 D 2 2 072
06F 1 1		1 0 0 1 0 1 6 8 0 D 1 2 0F7

070 0 0		0 0 0 0 0 5 6 8 0 0 1 0 19A
070 0 1		1 0 2 3 0 3 0 4 D 1 3 3 073
070 1 0		1 0 2 3 0 3 0 4 D 0 3 3 078
070 1 1		1 0 2 3 0 3 0 4 D 1 3 3 07C

071 0 0		1 0 2 3 0 3 0 4 D 0 3 3 07F
071 0 1		1 0 2 3 0 3 0 4 D 1 3 3 081
071 1 0		1 0 2 3 0 3 0 4 D 0 3 3 084
071 1 1		1 0 2 3 0 3 0 4 D 1 3 3 086

072 0 0		0 0 1 0 1 0 6 8 C 0 1 0 071
072 0 1		0 0 1 0 1 0 6 8 C 0 1 1 071
072 1 0		1 0 0 1 0 1 6 8 0 0 1 1 19E
072 1 1		1 0 0 1 0 1 6 8 0 1 0 1 19F

073 0 0		1 1 1 7 1 7 3 1 6 3 0 1 070
073 0 1		1 1 1 7 1 7 3 1 7 4 0 1 070
073 1 0		1 1 1 7 1 7 3 1 4 8 1 1 19B
073 1 1		1 1 1 7 1 7 3 1 1 7 0 1 070

074 0 0		1 1 1 7 1 7 3 1 8 3 1 1 19B
074 0 1		1 1 1 7 1 7 3 1 4 4 1 1 19B
074 1 0		1 1 1 7 1 7 3 1 3 8 0 0 19C
074 1 1		1 1 1 7 1 7 3 1 1 7 1 1 19B

075 0 0		1 1 1 7 1 7 3 1 7 3 0 0 19C
075 0 1		1 1 1 7 1 7 3 1 0 4 0 0 19C
075 1 0		1 1 1 7 1 7 3 1 8 8 0 0 076
075 1 1		1 1 1 7 1 7 3 1 6 7 0 0 19C

076 0 0		1 0 2 3 0 3 0 4 D 0 5 3 076
076 0 1		1 1 2 7 0 7 3 1 0 0 5 5 077
076 1 0		1 1 1 7 1 7 3 1 5 3 0 0 076
076 1 1		1 1 2 7 0 7 3 1 0 0 0 0 076

077 0 0		1 0 1 4 1 6 6 8 D 0 0 4 0F8
077 0 1		0 0 3 0 4 3 2 8 0 0 1 2 0F8
077 1 0		0 0 3 0 4 3 2 8 0 0 1 2 0F8
077 1 1		0 0 3 0 4 3 2 8 0 0 1 2 0F8

078 0 0		1 1 1 7 1 7 3 1 5 3 1 0 070
078 0 1		1 1 1 7 1 7 3 1 4 4 1 0 070
078 1 0		1 1 1 7 1 7 3 1 0 8 1 0 19C
078 1 1		1 1 1 7 1 7 3 1 2 7 1 0 070

079 0 0		1 1 1 7 1 7 3 1 4 3 1 0 19C
079 0 1		1 1 1 7 1 7 3 1 5 4 1 0 19C
079 1 0		1 1 1 7 1 7 3 1 8 8 1 1 19C
079 1 1		1 1 1 7 1 7 3 1 0 7 1 0 19C

07A 0 0		1 1 1 7 1 7 3 1 4 3 1 1 19C
07A 0 1		1 1 1 7 1 7 3 1 6 4 1 1 19C
07A 1 0		1 1 1 7 1 7 3 1 4 8 0 0 19D
07A 1 1		1 1 1 7 1 7 3 1 3 7 1 1 19C

07B 0 0		0 0 3 0 4 3 0 8 0 0 1 2 0F8
07B 0 1		0 0 3 0 4 3 0 8 0 0 1 2 0F8
07B 1 0		1 0 0 4 0 4 1 8 0 0 0 1 19C
07B 1 1		0 0 3 0 4 3 0 8 0 0 1 2 0F8

07C 0 0		1 1 1 7 1 7 3 1 7 3 1 1 070
07C 0 1		1 1 1 7 1 7 3 1 6 4 1 1 070
07C 1 0		1 1 1 7 1 7 3 1 2 8 0 1 19D
07C 1 1		1 1 1 7 1 7 3 1 0 7 1 1 070

07D 0 0		1 1 1 7 1 7 3 1 5 3 0 1 19D
07D 0 1		1 1 1 7 1 7 3 1 2 4 0 1 19D
07D 1 0		1 1 1 7 1 7 3 1 9 8 1 0 19D
07D 1 1		1 1 1 7 1 7 3 1 2 7 0 1 19D

07E 0 0		1 1 1 7 1 7 3 1 5 3 1 0 19D
07E 0 1		1 1 1 7 1 7 3 1 6 4 1 0 19D
07E 1 0		1 0 2 3 0 3 0 4 D 8 5 1 143
07E 1 1		1 1 1 7 1 7 3 1 5 7 1 0 07E

07F 0 0		1 1 1 7 1 7 3 1 1 3 0 0 071
07F 0 1		1 1 1 7 1 7 3 1 8 4 0 0 071
07F 1 0		1 1 1 7 1 7 3 1 1 8 1 1 19D
07F 1 1		1 1 1 7 1 7 3 1 9 7 0 0 071

080 0 0		1 1 1 7 1 7 3 1 6 3 1 1 19D
080 0 1		1 1 1 7 1 7 3 1 1 4 1 1 19D
080 1 0		1 1 1 7 1 7 3 1 4 8 0 0 19E
080 1 1		1 1 1 7 1 7 3 1 3 7 1 1 19D

081 0 0		1 1 1 7 1 7 3 1 9 3 0 1 071
081 0 1		1 1 1 7 1 7 3 1 8 4 0 1 071
081 1 0		1 1 1 7 1 7 3 1 7 8 1 0 19E
081 1 1		1 1 1 7 1 7 3 1 6 7 0 1 071

082 0 0		1 1 1 7 1 7 3 1 0 3 1 0 19E
082 0 1		1 1 1 7 1 7 3 1 7 4 1 0 19E
082 1 0		1 1 1 7 1 7 3 1 6 8 0 0 083
082 1 1		1 1 1 7 1 7 3 1 5 7 1 0 19E

083 0 0		1 0 2 3 0 3 0 4 D 0 5 3 083
083 0 1		1 1 2 7 0 7 3 1 0 0 5 5 077
083 1 0		1 1 1 7 1 7 3 1 5 3 0 0 083
083 1 1		1 1 2 7 0 7 3 1 0 0 0 0 083

084 0 0		1 1 1 7 1 7 3 1 0 3 1 0 071
084 0 1		1 1 1 7 1 7 3 1 7 4 1 0 071
084 1 0		1 1 1 7 1 7 3 1 9 8 1 1 19E
084 1 1		1 1 1 7 1 7 3 1 4 7 1 0 071

085 0 0		1 1 1 7 1 7 3 1 2 3 1 1 19E
085 0 1		1 1 1 7 1 7 3 1 4 4 1 1 19E
085 1 0		1 1 1 7 1 7 3 1 4 8 0 0 19F
085 1 1		1 1 1 7 1 7 3 1 3 7 1 1 19E

086 0 0		1 1 1 7 1 7 3 1 4 3 1 1 071
086 0 1		1 1 1 7 1 7 3 1 5 4 1 1 071
086 1 0		1 1 1 7 1 7 3 1 7 8 0 1 19F
086 1 1		1 1 1 7 1 7 3 1 0 7 1 1 071

087 0 0		1 1 1 7 1 7 3 1 5 3 0 1 19F
087 0 1		1 1 1 7 1 7 3 1 6 4 0 1 19F
087 1 0		1 0 2 3 0 3 0 4 D 8 5 1 145
087 1 1		1 1 1 7 1 7 3 1 5 7 1 0 087

088 0 0		1 0 0 6 0 6 6 0 0 D 2 2 089
088 0 1		1 0 0 6 0 6 6 0 0 D 2 2 08A
088 1 0		1 0 0 6 0 6 6 0 0 0 0 2 0F9
088 1 1		1 0 0 6 0 6 6 0 0 0 1 2 0F9

089 0 0		0 0 1 0 1 4 6 8 D 0 0 0 019
089 0 1		0 0 1 0 1 4 6 8 D 0 0 1 019
089 1 0		0 0 1 0 1 3 6 8 F 0 0 0 01A
089 1 1		0 0 1 0 1 3 6 8 F 0 0 1 01A

08A 0 0		0 0 0 0 0 3 6 8 0 0 0 1 0EE
08A 0 1		0 0 1 0 1 4 6 8 D 0 1 0 019
08A 1 0		0 0 1 0 1 4 6 8 D 0 1 1 019
08A 1 1		0 0 1 0 1 3 6 8 1 D 0 0 137

08B 0 0		0 0 1 0 1 3 6 8 7 0 1 1 1A1
08B 0 1		0 0 0 0 0 3 6 8 0 D 2 0 147
08B 1 0		0 0 1 0 1 6 6 8 2 0 2 2 08C
08B 1 1		0 0 1 0 1 6 6 8 2 1 1 2 0FC

08C 0 0		0 0 1 0 1 0 6 8 2 0 1 0 19F
08C 0 1		0 0 1 0 1 0 6 8 C 0 1 0 19F
08C 1 0		0 0 1 0 1 6 6 8 3 1 1 0 19F
08C 1 1		0 0 1 0 1 3 6 8 7 0 1 1 1A0

08D 0 0		0 0 1 0 1 5 6 8 F D 0 1 168
08D 0 1		0 0 1 0 1 6 6 8 2 8 1 0 19F
08D 1 0		0 0 1 0 1 6 6 8 3 D 1 0 19F
08D 1 1		0 0 1 0 1 6 6 8 4 8 1 0 1A1

08E 0 0		0 0 1 0 1 6 6 8 5 8 1 1 192
08E 0 1		0 0 1 0 1 6 6 8 6 D 1 0 19F
08E 1 0		0 0 1 0 1 6 6 8 7 7 0 5 0FE
08E 1 1		0 0 0 0 0 6 6 8 0 7 0 0 0FE

08F 0 0		1 0 1 6 1 0 5 8 3 3 1 4 0FE
08F 0 1		1 0 3 6 4 4 4 0 0 4 0 1 1A2
08F 1 0		1 0 1 6 1 1 3 0 F 8 5 0 148
08F 1 1		1 0 1 6 1 2 3 0 F 7 0 1 1A2

090 0 0		0 0 1 0 1 1 6 0 3 1 1 0 090
090 0 1		0 0 1 0 1 2 6 0 B 2 1 0 090
090 1 0		1 0 0 3 0 3 1 4 D 0 2 2 090
090 1 1		0 0 1 0 1 4 6 0 F D 1 0 149

091 0 0		1 0 0 0 0 0 1 8 0 0 2 2 092
091 0 1		1 0 1 5 1 5 6 8 8 0 0 0 091
091 1 0		1 0 1 5 1 5 6 8 8 0 1 1 091
091 1 1		1 0 1 5 1 5 5 8 8 0 1 4 100

092 0 0		0 0 1 0 1 7 6 8 2 0 1 1 1A6
092 0 1		0 0 1 0 1 7 6 8 2 0 1 1 1A6
092 1 0		0 0 1 0 1 7 6 8 2 0 1 1 1A6
092 1 1		1 0 0 1 0 1 6 3 0 1 3 1 149

093 0 0		1 0 1 5 1 5 6 8 1 1 1 0 101
093 0 1		1 0 1 5 1 5 6 8 1 1 1 0 101
093 1 0		1 0 2 0 0 0 4 9 0 0 0 1 098
093 1 1		1 0 1 5 1 5 5 8 8 0 4 4 095

094 0 0		1 0 1 6 6 6 2 8 0 2 1 1 1A3
094 0 1		1 0 1 5 1 5 5 8 8 5 1 0 101
094 1 0		1 0 1 5 1 5 5 8 8 1 1 0 101
094 1 1		1 0 0 0 0 0 1 8 0 0 5 5 093

095 0 0		0 0 1 0 1 6 6 8 8 C 0 0 1A4
095 0 1		0 0 1 0 1 6 6 8 0 C 0 0 1A4
095 1 0		1 0 0 1 0 1 6 2 0 0 0 1 1A4
095 1 1		1 0 0 1 0 1 6 2 0 0 0 1 1A4

096 0 0		1 0 2 3 0 3 2 8 0 0 1 0 1A4
096 0 1		1 0 2 3 0 3 2 8 0 0 1 0 1A4
096 1 0		1 0 2 3 0 3 2 8 0 0 1 0 1A4
096 1 1		1 0 0 3 0 3 4 8 0 0 0 0 1A5

097 0 0		0 0 1 0 1 4 6 D 1 C 0 0 1A2
097 0 1		0 0 0 0 0 1 6 8 0 C 1 1 1A4
097 1 0		1 0 0 1 0 1 6 9 0 0 0 1 098
097 1 1		0 0 2 0 0 5 1 9 0 D 0 0 092

098 0 0		1 0 0 1 0 1 6 8 0 1 0 0 14A
098 0 1		1 0 0 1 0 1 6 2 0 0 0 5 101
098 1 0		1 0 0 1 0 1 6 8 0 1 0 0 14A
098 1 1		0 0 1 0 1 4 6 D 1 0 0 0 1A2

099 0 0		1 0 0 4 0 4 4 A 0 0 5 0 099
099 0 1		1 0 0 4 0 4 4 A 0 0 0 0 099
099 1 0		1 0 0 7 0 7 3 A 0 0 5 1 099
099 1 1		1 0 0 5 0 4 7 8 0 0 0 1 1A3

09A 0 0		0 0 0 0 0 5 6 8 0 0 1 1 09B
09A 0 1		1 0 0 4 0 0 6 8 0 0 1 3 103
09A 1 0		0 0 1 0 1 4 6 8 3 0 0 1 1B0
09A 1 1		1 0 0 2 0 2 6 8 0 0 0 4 104

09B 0 0		0 0 1 0 1 4 6 8 2 4 0 0 1A8
09B 0 1		1 0 0 5 0 5 6 6 0 0 3 4 09B
09B 1 0		1 0 0 1 0 4 6 8 0 0 1 0 1A8
09B 1 1		1 0 0 5 0 5 6 6 0 0 3 4 09B

09C 0 0		0 0 1 0 1 6 6 1 C 3 1 0 1A9
09C 0 1		0 0 3 0 7 7 0 1 0 4 1 0 1A9
09C 1 0		0 0 1 0 1 7 6 1 A D 1 1 1A9
09C 1 1		0 0 1 0 1 7 6 1 B 7 1 0 1A9

09D 0 0		0 0 3 0 7 6 0 0 0 3 0 0 1AA
09D 0 1		1 0 0 7 0 6 6 0 0 0 0 0 1AA
09D 1 0		0 0 0 0 0 3 6 8 0 0 0 0 1AD
09D 1 1		0 0 1 0 1 6 6 0 D 0 1 0 09D

09E 0 0		0 0 0 0 0 5 0 8 0 0 1 1 105
09E 0 1		0 0 0 0 0 3 6 8 0 0 1 1 14D
09E 1 0		1 0 0 5 0 5 6 8 0 0 0 4 106
09E 1 1		1 0 3 3 5 3 2 4 F 0 1 1 1AA

09F 0 0		0 0 3 0 7 7 0 1 0 4 0 1 09F
09F 0 1		1 0 0 3 0 3 1 8 0 0 1 1 09E
09F 1 0		1 0 0 7 0 7 6 1 0 0 0 1 09F
09F 1 1		1 0 0 6 0 6 6 0 0 0 1 0 105

0A0 0 0		0 0 0 0 0 3 6 8 0 0 1 1 14D
0A0 0 1		0 0 0 0 0 3 6 8 0 0 1 1 14D
0A0 1 0		0 0 0 0 0 3 6 0 0 1 1 0 1AB
0A0 1 1		0 0 1 0 1 7 6 0 D 0 1 1 1AB

0A1 0 0		1 0 0 6 0 0 6 0 0 0 1 1 1AD
0A1 0 1		1 0 0 7 0 0 6 1 0 0 1 1 1AD
0A1 1 0		1 0 0 1 0 1 6 9 0 0 0 0 0A1
0A1 1 1		1 0 0 1 0 1 6 9 0 0 0 1 0A1

0A2 0 0		0 0 1 0 1 5 6 8 9 0 2 2 0A3
0A2 0 1		1 0 0 1 0 1 6 8 0 0 2 2 0A4
0A2 1 0		0 0 1 0 1 5 6 8 F 0 2 2 0A5
0A2 1 1		0 0 0 0 0 4 6 8 0 0 2 2 0A6

0A3 0 0		0 0 1 0 1 5 6 8 1 0 0 1 1AE
0A3 0 1		0 0 1 0 1 4 6 8 2 0 0 1 1AE
0A3 1 0		0 0 1 0 1 5 6 8 6 0 0 1 1AE
0A3 1 1		0 0 1 0 1 5 6 8 E 0 0 1 1AE

0A4 0 0		0 0 1 0 1 5 6 8 9 0 0 1 1AE
0A4 0 1		0 0 1 0 1 5 6 8 5 0 0 1 1AE
0A4 1 0		0 0 1 0 1 5 6 8 4 0 0 1 1AE
0A4 1 1		0 0 1 0 1 5 6 8 D 0 0 1 1AE

0A5 0 0		0 0 1 0 1 5 6 8 C 0 0 1 1AE
0A5 0 1		0 0 1 0 1 5 6 8 0 0 0 1 1AE
0A5 1 0		0 0 1 0 1 4 6 8 2 0 0 1 0A4
0A5 1 1		0 0 1 0 1 4 6 8 2 0 0 1 1AE

0A6 0 0		0 0 1 0 1 4 6 8 1 0 1 0 0A3
0A6 0 1		0 0 0 0 0 5 6 8 0 0 0 0 1AE
0A6 1 0		0 0 1 0 1 5 6 8 0 0 0 1 1AE
0A6 1 1		0 0 1 0 1 5 6 8 2 0 0 1 1AE

0A7 0 0		1 0 0 6 0 1 6 0 0 3 1 0 150
0A7 0 1		1 0 0 6 0 2 6 0 0 4 1 0 150
0A7 1 0		1 0 0 3 0 3 4 2 0 0 0 0 1AF
0A7 1 1		1 0 0 6 0 3 6 0 0 D 1 0 0A7

0A8 0 0		1 0 2 6 0 6 0 8 0 0 5 2 0A9
0A8 0 1		1 0 2 6 0 6 0 8 0 0 5 2 0A9
0A8 1 0		0 0 0 0 0 5 6 8 0 C 0 0 1AE
0A8 1 1		1 0 2 6 0 6 0 8 0 0 5 2 0A9

0A9 0 0		1 0 0 3 0 3 1 4 F 0 0 1 1B1
0A9 0 1		1 0 0 3 0 3 1 4 F 0 0 1 1B1
0A9 1 0		0 0 0 0 0 5 6 8 0 C 0 0 1AE
0A9 1 1		1 0 0 3 0 3 1 4 F 0 0 1 1B1

0AA 0 0		1 0 1 1 1 4 5 8 3 D 1 0 1A8
0AA 0 1		1 0 0 1 0 1 6 8 0 0 0 0 0AB
0AA 1 0		1 0 2 3 0 3 0 4 E 3 5 0 153
0AA 1 1		1 0 2 3 0 3 0 4 E 0 5 0 153

0AB 0 0		0 0 1 0 1 4 6 8 2 8 1 2 10D
0AB 0 1		1 0 1 1 1 4 5 8 3 D 1 0 1A8
0AB 1 0		0 0 1 0 1 4 6 8 3 0 2 2 0AC
0AB 1 1		0 0 1 0 1 4 6 8 2 0 2 1 153

0AC 0 0		0 0 1 0 1 5 6 8 3 0 0 1 1B3
0AC 0 1		0 0 1 0 1 5 6 8 B 0 0 1 1B3
0AC 1 0		0 0 1 0 1 5 6 8 2 0 0 1 1B3
0AC 1 1		0 0 1 0 1 5 6 8 A 0 0 1 1B3

0AD 0 0		0 0 0 0 0 4 6 8 0 0 1 1 0AD
0AD 0 1		0 0 1 0 1 4 6 8 1 C 0 0 1A2
0AD 1 0		0 0 0 0 0 4 6 8 0 0 1 1 0AD
0AD 1 1		0 0 1 0 1 3 6 8 1 0 0 0 1B4

0AE 0 0		1 0 0 6 0 6 7 0 0 0 0 0 111
0AE 0 1		1 0 1 6 1 6 2 8 A 0 0 0 0AE
0AE 1 0		1 0 0 6 0 6 7 0 0 0 1 1 1B4
0AE 1 1		1 0 1 6 1 6 2 8 A 0 1 0 0AE

0AF 0 0		1 0 0 1 0 1 6 8 0 D 1 1 1B5
0AF 0 1		0 0 1 0 1 5 6 8 1 C 0 0 1A2
0AF 1 0		1 0 0 1 0 1 6 8 0 D 1 1 1B5
0AF 1 1		1 0 0 5 0 0 6 8 0 0 1 1 1B5

0B0 0 0		1 0 0 7 0 7 6 1 0 0 0 0 1B6
0B0 0 1		1 0 0 7 0 5 6 1 0 0 0 0 157
0B0 1 0		1 0 0 7 0 2 6 1 0 0 0 0 157
0B0 1 1		1 0 0 7 0 1 6 1 0 0 0 0 157

0B1 0 0		0 0 1 0 1 5 6 8 1 0 3 1 158
0B1 0 1		0 0 1 0 1 5 6 8 2 0 3 1 158
0B1 1 0		0 0 1 0 1 5 6 8 4 0 3 1 158
0B1 1 1		0 0 1 0 1 5 6 8 8 0 3 1 158

0B2 0 0		0 0 1 0 1 4 6 8 1 0 3 1 158
0B2 0 1		0 0 1 0 1 4 6 8 2 0 3 1 158
0B2 1 0		0 0 1 0 1 4 6 8 4 0 3 1 158
0B2 1 1		1 0 0 1 0 1 6 8 0 0 0 3 112

0B3 0 0		0 0 1 0 1 5 6 8 F 0 3 1 159
0B3 0 1		0 0 1 0 1 5 6 8 8 0 3 1 159
0B3 1 0		0 0 0 0 0 5 6 8 0 0 3 1 159
0B3 1 1		0 0 1 0 1 4 6 8 E 0 1 0 0B3

0B4 0 0		0 0 1 0 1 4 6 8 C 0 3 1 159
0B4 0 1		0 0 1 0 1 4 6 8 8 0 3 1 159
0B4 1 0		0 0 0 0 0 4 6 8 0 0 3 1 159
0B4 1 1		1 0 0 5 0 7 6 8 0 0 0 1 1B7

0B5 0 0		1 0 0 6 0 6 4 0 0 3 1 0 0B5
0B5 0 1		1 0 0 6 0 6 3 0 0 4 1 0 0B5
0B5 1 0		1 0 2 3 0 3 0 4 D 0 3 3 0B5
0B5 1 1		1 0 0 6 0 6 3 0 0 D 0 0 1A2

0B6 0 0		1 0 0 6 0 1 6 0 0 3 1 0 0B6
0B6 0 1		1 0 0 6 0 2 6 0 0 4 1 0 0B6
0B6 1 0		1 0 0 3 0 3 1 4 D 0 3 3 0B6
0B6 1 1		1 0 0 6 0 3 6 0 0 D 0 5 114

0B7 0 0		1 0 1 6 1 0 6 8 5 0 0 4 0B8
0B7 0 1		1 0 1 7 1 0 6 8 D 0 1 4 0B7
0B7 1 0		1 0 0 1 0 1 6 8 0 C 1 1 005
0B7 1 1		0 0 1 0 1 3 6 8 C D 1 1 160

0B8 0 0		0 0 1 0 1 3 6 8 C D 1 1 160
0B8 0 1		1 0 1 7 1 0 6 8 C 0 1 4 0B8
0B8 1 0		0 0 1 0 1 3 6 8 C D 1 1 160
0B8 1 1		0 0 0 0 0 3 6 8 0 D 1 0 02E

0B9 0 0		1 1 1 7 5 7 2 1 0 1 5 1 006
0B9 0 1		1 1 1 7 1 7 2 1 A 0 5 0 006
0B9 1 0		0 0 1 0 1 3 6 2 C 5 1 0 161
0B9 1 1		1 0 2 3 0 3 2 2 0 8 0 1 0CC

0BA 0 0		1 0 1 6 1 6 6 8 2 0 1 4 0C2
0BA 0 1		1 0 0 3 0 3 1 4 D B 2 0 118
0BA 1 0		1 0 0 7 0 1 6 1 0 0 0 0 162
0BA 1 1		1 0 0 5 0 7 6 1 0 0 1 1 164

0BB 0 0		1 0 0 7 0 6 6 1 0 D 1 0 007
0BB 0 1		1 0 0 5 0 7 6 1 0 0 1 1 164
0BB 1 0		1 0 0 7 0 6 6 1 0 0 1 0 007
0BB 1 1		1 0 0 5 0 7 6 1 0 0 1 1 164

0BC 0 0		1 0 1 5 1 5 2 8 8 0 1 1 163
0BC 0 1		0 0 0 0 0 3 6 8 0 0 2 0 119
0BC 1 0		0 0 1 0 1 4 6 9 E 0 0 0 170
0BC 1 1		0 0 1 0 1 4 6 9 F 0 0 0 170

0BD 0 0		1 0 2 3 0 3 0 8 0 4 3 1 11B
0BD 0 1		1 0 2 3 0 3 0 4 F 4 3 0 11B
0BD 1 0		0 0 1 0 1 3 6 8 F 0 0 5 0BE
0BD 1 1		0 0 1 0 1 3 6 8 F 2 0 5 0BE

0BE 0 0		0 0 1 0 1 1 6 8 7 0 1 3 0BE
0BE 0 1		0 0 1 0 1 5 6 8 C 0 0 0 17B
0BE 1 0		1 0 0 1 0 1 6 4 F 0 0 0 166
0BE 1 1		1 0 0 1 0 1 6 4 D 0 0 0 166

0BF 0 0		0 0 0 0 0 7 6 1 8 0 1 1 168
0BF 0 1		1 0 0 5 0 7 6 1 0 0 1 0 11E
0BF 1 0		1 0 1 4 1 6 6 8 5 A 0 0 169
0BF 1 1		1 0 1 5 1 6 0 8 3 0 5 0 11E

0C0 0 0		0 0 0 0 0 3 4 8 0 D 0 0 0BA
0C0 0 1		1 0 0 1 0 1 2 8 0 0 3 1 11E
0C0 1 0		0 1 2 0 0 5 0 8 0 0 0 2 0C1
0C0 1 1		1 0 0 1 0 1 6 8 0 D 2 2 015

0C1 0 0		1 0 0 1 0 1 6 8 0 0 4 0 127
0C1 0 1		0 0 1 0 1 3 6 8 2 D 0 1 175
0C1 1 0		0 0 2 0 0 3 1 8 0 D 1 0 190
0C1 1 1		0 0 0 0 0 3 6 8 0 D 2 2 017

0C2 0 0		0 0 1 0 1 4 6 8 D D 2 2 019
0C2 0 1		0 0 1 0 1 3 6 8 F D 2 2 01A
0C2 1 0		1 0 0 3 0 3 4 4 F 0 1 6 0C3
0C2 1 1		0 0 1 0 1 3 6 8 D 0 1 1 16B

0C3 0 0		0 0 1 0 1 3 6 8 1 0 1 0 0C2
0C3 0 1		0 0 1 0 1 4 6 8 1 0 0 0 16F
0C3 1 0		1 0 1 7 1 6 6 8 F 0 0 4 0C4
0C3 1 1		1 0 0 7 0 7 6 1 0 0 3 1 121

0C4 0 0		1 0 0 7 0 7 6 1 0 0 1 0 0C2
0C4 0 1		0 0 0 0 0 7 6 1 0 0 1 0 0C2
0C4 1 0		0 0 0 0 0 3 4 8 0 4 2 2 01B
0C4 1 1		0 0 0 0 0 3 4 8 0 D 2 2 01C

0C5 0 0		0 0 1 0 1 6 6 0 2 1 1 0 16E
0C5 0 1		0 0 1 0 1 6 6 0 1 5 1 0 16E
0C5 1 0		0 0 1 0 1 6 6 0 4 5 0 1 16F
0C5 1 1		1 0 0 6 0 6 6 0 0 6 1 1 0C8

0C6 0 0		0 0 1 0 1 6 6 0 5 0 0 0 16E
0C6 0 1		1 0 0 6 0 6 6 0 0 0 0 1 020
0C6 1 0		1 0 1 6 1 7 6 8 3 0 0 4 0C7
0C6 1 1		0 0 1 0 1 6 6 0 1 0 0 0 0C7

0C7 0 0		0 0 0 0 0 3 6 8 0 0 0 1 16E
0C7 0 1		0 0 1 0 1 3 6 8 D 0 0 1 16E
0C7 1 0		1 0 0 3 0 3 1 4 E 0 5 1 122
0C7 1 1		1 0 0 3 0 3 1 4 F 0 5 1 122

0C8 0 0		1 0 0 7 0 7 6 1 0 0 0 1 16F
0C8 0 1		1 0 1 3 1 6 0 8 2 0 5 1 123
0C8 1 0		0 0 1 0 1 4 6 8 1 0 0 0 1A2
0C8 1 1		0 0 1 0 1 1 6 8 F 0 1 0 16F

0C9 0 0		1 0 0 6 0 6 6 0 0 0 1 1 170
0C9 0 1		1 0 0 6 0 6 6 0 0 0 0 0 162
0C9 1 0		0 0 0 0 0 5 6 8 0 0 0 0 1AE
0C9 1 1		1 0 1 5 1 3 0 8 6 0 5 0 125

0CA 0 0		0 0 0 0 0 4 6 8 0 0 0 0 18A
0CA 0 1		0 0 1 0 1 4 6 8 1 0 0 0 18A
0CA 1 0		0 0 1 0 1 4 6 8 3 0 0 0 1A2
0CA 1 1		0 0 1 0 1 4 6 8 1 0 0 0 1A2

0CB 0 0		0 0 1 0 1 4 6 8 1 0 0 0 1A2
0CB 0 1		0 0 1 0 1 4 6 8 3 0 0 0 1A2
0CB 1 0		0 0 0 0 0 5 6 8 0 0 0 1 020
0CB 1 1		0 0 0 0 0 3 4 4 D 0 1 1 17A
 
0CC 0 0		0 0 1 0 1 4 6 8 1 C 1 1 164
0CC 0 1		1 0 0 7 0 7 6 1 0 0 1 1 1C4
0CC 1 0		1 0 2 3 0 3 2 2 0 0 0 6 0CC
0CC 1 1		1 0 1 7 1 6 6 8 8 4 0 4 0CD

0CD 0 0		1 0 1 7 1 7 6 8 D 0 1 4 0CD
0CD 0 1		1 0 2 3 0 3 2 2 0 3 0 6 0CC
0CD 1 0		1 0 2 3 0 3 2 2 0 0 0 6 0CC
0CD 1 1		1 0 2 3 0 3 2 2 0 8 0 6 0CC

0CE 0 0		1 0 2 3 0 3 2 2 0 D 0 6 0CC
0CE 0 1		1 0 1 6 4 6 6 8 0 D 1 4 0CE
0CE 1 0		1 0 2 3 0 3 2 2 0 0 0 6 0CC
0CE 1 1		1 0 0 3 0 4 6 8 0 D 1 0 174

0CF 0 0		1 0 2 3 0 3 2 2 0 0 0 6 0CC
0CF 0 1		1 0 0 3 0 4 6 2 0 0 0 1 160
0CF 1 0		0 0 1 0 1 3 6 8 3 0 0 0 175
0CF 1 1		1 0 0 1 0 1 6 8 0 0 1 0 008

0D0 0 0		1 0 1 6 1 6 5 0 C 0 1 0 008
0D0 0 1		1 0 0 6 0 6 6 0 0 0 0 1 020
0D0 1 0		0 0 1 0 1 3 6 8 5 D 1 1 01C
0D0 1 1		1 0 0 3 0 3 1 4 F 0 3 3 031

0D1 0 0		1 0 1 7 1 7 6 8 1 0 1 4 0D1
0D1 0 1		0 0 1 0 1 4 6 8 1 0 0 0 016
0D1 1 0		0 0 1 0 1 4 6 8 1 0 0 0 1A2
0D1 1 1		0 0 1 0 1 4 6 8 B 0 0 0 016

0D2 0 0		1 0 0 6 0 6 6 0 0 0 0 1 020
0D2 0 1		1 0 1 6 1 6 6 0 4 0 1 0 129
0D2 1 0		1 0 0 5 0 3 6 4 D 7 1 1 179
0D2 1 1		1 0 0 3 0 4 6 4 D 0 1 0 179

0D3 0 0		0 0 1 0 1 1 1 9 F D 1 0 166
0D3 0 1		1 0 2 3 0 3 0 4 F 4 3 3 03B
0D3 1 0		0 1 1 0 1 1 3 8 1 0 1 1 17C
0D3 1 1		0 1 0 0 0 1 3 8 0 0 1 1 17C

0D4 0 0		0 0 1 0 1 4 6 8 1 C 0 0 1A2
0D4 0 1		1 0 0 3 0 3 1 4 F 0 3 3 03F
0D4 1 0		1 0 2 3 0 3 0 4 F 0 0 1 17C
0D4 1 1		0 0 0 0 0 5 6 8 0 0 0 1 12C

0D5 0 0		0 0 0 0 0 1 6 8 0 0 1 0 17C
0D5 0 1		1 0 0 1 0 1 6 4 F 0 1 0 17D
0D5 1 0		1 0 0 6 0 6 6 0 0 0 1 1 17D
0D5 1 1		1 0 0 7 0 6 6 1 0 0 1 1 17D

0D6 0 0		0 0 1 0 1 5 6 8 1 1 1 1 0DF
0D6 0 1		1 0 1 1 1 6 6 8 F C 0 4 0FA
0D6 1 0		1 0 0 5 0 3 6 8 0 1 1 1 17E
0D6 1 1		1 0 0 4 0 4 6 8 0 1 0 4 0D7

0D7 0 0		1 0 0 5 0 3 6 8 0 1 1 1 17E
0D7 0 1		0 0 1 0 1 6 6 8 D 6 0 0 1CC
0D7 1 0		1 0 0 4 0 4 6 0 0 0 0 0 17F
0D7 1 1		1 0 0 4 0 4 6 1 0 0 0 0 17F

0D8 0 0		0 0 1 0 1 3 6 8 C 6 1 1 0EB
0D8 0 1		0 0 1 0 1 3 6 8 1 6 1 0 181
0D8 1 0		1 0 0 3 0 3 4 4 E 0 1 6 0D8
0D8 1 1		1 0 0 1 0 1 6 2 0 0 0 5 0D9

0D9 0 0		1 0 0 6 0 7 6 0 0 0 0 1 17F
0D9 0 1		1 0 0 7 0 7 6 1 0 0 0 1 17F
0D9 1 0		0 0 0 0 0 6 6 0 0 2 1 0 043
0D9 1 1		0 0 0 0 0 7 6 1 0 2 1 0 043

0DA 0 0		1 0 0 5 0 3 4 8 0 0 1 1 17F
0DA 0 1		0 0 1 0 1 3 6 8 1 0 0 1 180
0DA 1 0		0 0 1 0 1 3 6 8 C 0 2 1 12E
0DA 1 1		0 0 1 0 1 3 6 8 C 0 1 1 12F

0DB 0 0		1 1 0 6 0 6 3 0 0 0 5 1 12F
0DB 0 1		1 1 0 7 0 7 3 1 0 0 5 1 12F
0DB 1 0		1 0 0 6 0 6 6 0 0 0 0 4 0DC
0DB 1 1		1 0 0 7 0 7 6 1 0 0 0 4 0DC

0DC 0 0		0 0 0 0 0 3 6 8 0 0 0 1 130
0DC 0 1		0 0 1 0 1 5 6 8 1 0 1 0 180
0DC 1 0		1 0 0 6 0 6 6 0 0 6 0 4 0DD
0DC 1 1		1 0 0 7 0 7 6 1 0 6 0 4 0DD

0DD 0 0		0 0 1 0 1 3 6 8 D 6 1 1 182
0DD 0 1		1 0 0 3 0 3 1 2 0 B 2 5 042
0DD 1 0		1 0 1 6 4 7 6 0 0 0 2 0 131
0DD 1 1		1 0 1 7 4 6 6 1 0 0 0 0 182

0DE 0 0		1 0 0 6 0 6 6 0 0 0 0 0 183
0DE 0 1		1 0 0 7 0 6 6 1 0 0 0 0 183
0DE 1 0		0 0 1 0 1 5 6 8 2 0 1 0 183
0DE 1 1		0 0 1 0 1 3 6 8 5 0 0 1 183

0DF 0 0		0 0 1 0 1 3 6 8 C 7 1 2 0DF
0DF 0 1		1 0 0 4 0 7 6 0 0 0 0 1 184
0DF 1 0		1 0 2 3 0 3 2 2 0 0 5 5 041
0DF 1 1		0 0 2 0 0 4 4 8 0 2 0 1 17E

0E0 0 0		1 0 0 6 0 6 6 0 0 B 1 1 184
0E0 0 1		1 0 0 7 0 7 6 1 0 B 1 1 184
0E0 1 0		1 0 0 6 0 6 6 0 0 A 0 0 046
0E0 1 1		1 0 0 7 0 7 6 1 0 A 0 0 046

0E1 0 0		1 0 0 6 0 6 6 0 0 3 3 3 048
0E1 0 1		1 0 0 7 0 6 6 1 0 3 3 3 048
0E1 1 0		1 0 0 6 0 6 6 0 0 3 0 3 0E2
0E1 1 1		1 0 0 7 0 6 6 1 0 3 0 3 0E2

0E2 0 0		1 1 3 5 6 4 4 8 0 4 0 0 046
0E2 0 1		1 1 3 5 6 5 3 8 0 B 5 1 132
0E2 1 0		1 0 1 3 5 3 0 4 E 0 0 0 185
0E2 1 1		0 0 1 0 5 3 0 8 0 0 0 4 0E3

0E3 0 0		1 0 2 3 0 3 0 4 E 0 1 4 0E3
0E3 0 1		0 0 0 0 0 3 6 8 0 D 1 0 185
0E3 1 0		0 0 0 0 0 7 6 1 0 0 0 0 0E3
0E3 1 1		0 0 0 0 0 3 6 1 0 D 1 0 185

0E4 0 0		1 0 0 1 0 1 6 4 E 0 0 1 185
0E4 0 1		1 0 1 3 1 3 0 8 F 0 1 4 0E2
0E4 1 0		1 0 0 7 0 6 6 0 0 0 0 0 0E4
0E4 1 1		1 0 0 7 0 6 6 0 0 0 3 1 134

0E5 0 0		1 0 0 6 0 6 6 0 0 0 2 4 04A
0E5 0 1		1 0 0 7 0 7 6 1 0 0 2 4 04A
0E5 1 0		1 0 0 6 0 6 6 0 0 0 0 0 186
0E5 1 1		1 0 0 7 0 6 6 1 0 0 0 0 186

0E6 0 0		1 0 0 3 0 3 4 5 E 0 0 6 0E6
0E6 0 1		1 0 1 7 1 7 6 1 1 0 1 1 135
0E6 1 0		0 0 1 0 1 3 6 8 4 0 0 1 188
0E6 1 1		1 0 1 1 1 6 6 8 F 0 0 4 0FA

0E7 0 0		0 0 1 0 1 3 6 8 4 0 1 1 18A
0E7 0 1		1 0 0 3 0 3 1 4 E A 0 2 0E7
0E7 1 0		1 0 0 6 0 6 6 0 0 0 0 4 0E8
0E7 1 1		1 0 0 7 0 7 6 1 0 0 0 4 0E8

0E8 0 0		1 0 2 3 0 3 0 8 0 0 1 0 188
0E8 0 1		1 0 1 3 1 6 0 8 3 0 5 0 137
0E8 1 0		1 0 1 3 1 6 6 8 D 0 0 4 0E9
0E8 1 1		0 0 0 0 0 4 6 8 0 0 0 0 189

0E9 0 0		1 0 3 3 5 3 1 2 0 0 1 5 0E9
0E9 0 1		1 1 0 5 0 5 0 8 0 0 5 1 137
0E9 1 0		0 0 0 0 0 7 6 0 0 0 1 1 188
0E9 1 1		0 0 0 0 0 6 6 1 0 0 1 1 188

0EA 0 0		1 0 0 6 0 6 6 0 0 0 1 0 0E8
0EA 0 1		1 0 0 7 0 7 6 1 0 0 1 0 0E8
0EA 1 0		1 0 0 6 0 6 6 0 0 A 2 4 051
0EA 1 1		1 0 0 7 0 7 6 1 0 A 2 4 051

0EB 0 0		1 0 1 6 1 6 6 0 1 0 1 1 18A
0EB 0 1		1 0 1 7 1 7 6 1 1 0 1 1 18A
0EB 1 0		0 0 1 0 1 3 6 8 C 4 1 1 0EB
0EB 1 1		0 0 2 0 0 4 4 8 0 0 0 0 184

0EC 0 0		1 0 0 6 0 6 6 0 0 0 0 1 18B
0EC 0 1		1 0 0 7 0 6 6 1 0 0 0 1 18B
0EC 1 0		0 0 1 0 6 5 2 0 0 0 0 2 0ED
0EC 1 1		0 0 1 0 7 5 2 1 0 0 0 2 0ED

0ED 0 0		1 0 0 1 0 1 6 4 F 0 0 0 18C
0ED 0 1		1 0 0 1 0 1 6 4 E 0 0 0 18C
0ED 1 0		0 0 1 0 1 4 6 8 1 0 0 0 1A2
0ED 1 1		0 0 1 0 1 4 6 8 D D 0 0 04F

0EE 0 0		1 0 0 1 0 1 6 2 0 0 1 5 0EE
0EE 0 1		1 0 0 1 0 1 6 4 F 0 0 1 18D
0EE 1 0		1 0 0 6 0 6 6 0 0 0 0 0 18D
0EE 1 1		1 0 0 7 0 6 6 1 0 0 0 0 18D

0EF 0 0		0 0 1 0 1 2 6 8 E 0 1 0 146
0EF 0 1		1 0 0 4 0 1 6 8 0 D 1 1 172
0EF 1 0		0 0 1 0 1 0 6 8 1 0 1 1 18D
0EF 1 1		0 0 0 0 0 3 6 8 0 0 0 0 1D3

0F0 0 0		1 0 0 1 0 1 6 4 D 0 1 0 18D
0F0 0 1		1 0 0 3 0 3 1 8 0 8 0 0 0F0
0F0 1 0		1 0 1 4 4 4 2 8 0 0 0 1 18F
0F0 1 1		0 1 0 0 0 4 3 8 0 0 1 1 18F

0F1 0 0		0 0 1 0 1 3 6 8 D 6 0 0 191
0F1 0 1		0 0 1 0 1 3 6 8 D D 0 0 197
0F1 1 0		1 0 2 3 0 3 0 4 D 0 2 4 05F
0F1 1 1		0 0 1 0 1 3 6 8 D 0 0 1 05F

0F2 0 0		0 0 1 0 1 6 6 1 2 1 0 1 192
0F2 0 1		0 0 0 0 0 6 6 1 0 0 0 1 192
0F2 1 0		1 0 0 3 0 3 1 4 F 0 5 0 13F
0F2 1 1		0 0 1 0 1 4 6 8 1 C 0 0 1A2

0F3 0 0		0 0 0 0 0 2 6 4 D 0 1 1 193
0F3 0 1		0 0 1 0 1 6 6 0 1 0 0 0 194
0F3 1 0		1 0 0 5 0 7 6 1 0 1 1 0 194
0F3 1 1		1 0 0 2 0 7 6 1 0 0 1 1 194

0F4 0 0		1 0 3 3 4 3 1 4 F 0 0 1 195
0F4 0 1		0 0 1 0 1 3 6 9 E 1 0 1 1DA
0F4 1 0		1 0 0 1 0 1 6 8 0 0 1 0 0C1
0F4 1 1		0 0 1 0 1 4 6 8 1 0 0 1 020

0F5 0 0		1 0 2 3 0 3 0 4 D 4 5 0 141
0F5 0 1		1 0 0 3 0 3 1 4 F 3 3 3 065
0F5 1 0		0 0 0 0 0 3 6 8 0 0 1 0 197
0F5 1 1		0 0 1 0 1 3 6 8 D 4 0 1 0F5

0F6 0 0		0 0 1 0 1 5 6 8 1 4 1 1 197
0F6 0 1		1 0 0 3 0 3 4 4 D 0 5 0 142
0F6 1 0		1 0 0 4 0 0 6 8 0 0 1 1 06E
0F6 1 1		1 0 0 1 0 1 6 8 0 0 0 4 0F1

0F7 0 0		0 0 1 0 1 3 2 8 E 0 3 3 06F
0F7 0 1		0 0 1 0 1 3 6 8 E 0 3 3 06F
0F7 1 0		0 0 1 0 1 0 6 8 C 0 1 1 19E
0F7 1 1		0 0 1 0 1 0 6 8 D 0 0 1 19F

0F8 0 0		1 0 0 4 0 4 1 8 0 0 0 1 19C
0F8 0 1		0 0 1 0 1 3 6 8 F D 0 1 064
0F8 1 0		1 0 2 3 0 3 4 8 0 0 1 1 142
0F8 1 1		1 0 0 1 0 1 6 8 0 0 1 1 142

0F9 0 0		1 0 0 1 0 1 6 8 0 D 0 0 199
0F9 0 1		0 0 1 0 1 6 6 8 4 2 0 1 189
0F9 1 0		0 0 1 0 1 0 6 8 4 0 0 0 199
0F9 1 1		0 0 1 0 1 6 6 8 4 6 0 1 189

0FA 0 0		0 0 1 0 1 1 6 9 F 0 0 0 146
0FA 0 1		1 0 1 2 1 6 0 8 4 0 5 0 146
0FA 1 0		0 0 1 0 1 3 6 8 7 0 0 1 1A0
0FA 1 1		1 0 1 2 1 6 6 8 E 0 0 4 0FB

0FB 0 0		0 0 1 0 1 2 6 9 E 0 1 0 045
0FB 0 1		0 0 1 0 1 4 6 8 1 0 0 0 1A2
0FB 1 0		1 0 0 4 0 0 6 8 0 0 0 2 0FC
0FB 1 1		1 0 0 4 0 0 6 8 0 0 2 2 08B

0FC 0 0		1 0 0 1 0 1 6 9 0 0 1 3 0FD
0FC 0 1		1 0 0 1 0 1 6 8 0 0 1 3 0FD
0FC 1 0		0 0 0 0 0 6 6 8 0 2 1 0 19F
0FC 1 1		0 0 1 0 1 0 6 8 5 0 1 0 19F

0FD 0 0		0 0 1 0 1 4 6 8 6 0 4 1 147
0FD 0 1		1 0 0 1 0 1 6 4 D 0 0 1 020
0FD 1 0		0 0 2 0 0 0 0 8 0 0 2 2 08D
0FD 1 1		0 0 2 0 0 0 0 8 0 0 2 2 08E

0FE 0 0		0 0 0 0 0 6 6 8 0 8 1 0 19F
0FE 0 1		0 0 1 0 1 0 6 8 8 0 1 0 19F
0FE 1 0		1 0 0 6 0 5 6 0 0 0 0 1 1A2
0FE 1 1		1 0 0 6 0 6 6 0 0 2 1 0 1A2

0FF 0 0		0 0 0 0 0 4 6 8 0 D 0 5 100
0FF 0 1		0 0 0 0 0 4 6 8 0 D 1 5 0FF
0FF 1 0		0 0 0 0 0 5 6 8 0 0 0 0 1A3
0FF 1 1		0 0 1 0 1 4 6 D 1 0 0 0 1A2

100 0 0		0 0 0 0 0 5 6 C 0 0 0 0 1A3
100 0 1		0 0 1 0 1 4 6 D 1 E 0 0 1A2
100 1 0		0 0 0 0 0 6 6 8 0 3 0 0 096
100 1 1		1 0 0 1 0 1 6 8 0 E 1 0 100

101 0 0		1 0 0 6 0 6 6 0 0 0 0 0 093
101 0 1		1 0 0 7 0 6 6 1 0 0 0 0 093
101 1 0		0 0 1 0 1 7 6 B F 0 1 1 1A5
101 1 1		1 0 1 5 1 5 6 8 8 0 1 0 101

102 0 0		0 0 0 0 0 4 6 D 0 2 0 1 1A5
102 0 1		1 0 1 7 1 7 6 8 D 0 1 4 102
102 1 0		1 0 0 1 0 1 6 8 0 0 1 0 1A4
102 1 1		0 0 0 0 0 4 6 D 0 2 0 1 1A5

103 0 0		1 0 0 7 0 7 3 8 0 0 5 0 14C
103 0 1		0 0 1 0 1 4 6 8 5 0 0 1 1A6
103 1 0		1 0 0 4 0 1 6 8 0 0 1 1 1A8
103 1 1		1 0 0 4 0 1 6 8 0 D 3 3 09A

104 0 0		0 0 0 0 0 5 6 8 0 0 1 1 09B
104 0 1		0 0 0 0 0 5 6 8 0 1 1 1 09B
104 1 0		1 0 0 1 0 1 6 E 0 0 0 1 020
104 1 1		0 0 0 0 0 6 6 E 0 0 0 0 0D3

105 0 0		1 0 2 3 0 3 0 4 F 0 3 1 14E
105 0 1		1 0 0 1 0 1 6 4 E 0 0 1 1AA
105 1 0		1 0 3 3 5 3 1 4 F 0 0 0 1AB
105 1 1		0 0 0 0 0 3 6 8 0 0 0 1 1AB

106 0 0		1 0 0 3 0 3 1 4 F 0 0 0 1AC
106 0 1		1 0 0 1 0 1 6 8 0 0 1 1 09E
106 1 0		1 0 3 3 5 3 1 5 E 0 1 0 1AC
106 1 1		0 0 2 0 0 3 0 8 0 0 1 1 1AC

107 0 0		0 0 1 0 1 5 6 8 8 0 0 1 1AD
107 0 1		1 0 0 5 0 5 6 6 0 0 0 4 107
107 1 0		1 0 0 3 0 3 1 4 E 0 5 5 0A1
107 1 1		1 0 0 5 0 5 6 6 0 0 1 4 107

108 0 0		0 0 1 0 1 3 6 8 3 2 0 0 167
108 0 1		1 0 1 7 1 7 6 8 C 0 1 4 108
108 1 0		0 0 1 0 1 3 6 8 3 2 0 0 167
108 1 1		1 0 0 2 0 2 3 8 0 0 0 1 1AF

109 0 0		1 0 0 1 0 1 6 7 0 D 0 0 165
109 0 1		1 0 1 7 1 7 6 8 D D 1 4 109
109 1 0		0 0 1 0 1 3 6 8 3 2 0 0 167
109 1 1		1 0 0 1 0 1 6 7 0 D 0 0 165

10A 0 0		0 0 1 0 1 5 6 8 8 0 1 0 1B0
10A 0 1		1 0 0 5 0 5 6 6 0 0 0 4 10A
10A 1 0		1 0 0 7 0 7 6 1 0 B 0 0 1B1
10A 1 1		1 0 0 7 0 7 6 1 0 0 2 4 0A8

10B 0 0		1 0 1 6 1 6 0 8 C 0 5 0 152
10B 0 1		0 0 0 0 0 4 6 8 0 0 0 0 152
10B 1 0		1 0 1 3 5 3 1 5 E 0 0 0 1B2
10B 1 1		1 0 0 3 0 3 1 8 0 0 0 1 1B2

10C 0 0		1 0 1 3 4 3 1 5 E 0 1 0 1B2
10C 0 1		0 0 0 0 0 3 6 8 0 7 1 1 1B2
10C 1 0		0 0 2 0 0 3 2 8 0 0 0 3 10D
10C 1 1		1 0 0 5 0 5 6 6 0 0 1 4 10C

10D 0 0		1 0 2 3 0 3 0 4 E 0 5 1 152
10D 0 1		1 0 0 1 0 1 6 8 0 0 3 0 0AA
10D 1 0		0 0 1 0 1 5 6 8 A 0 0 1 1B3
10D 1 1		0 0 1 0 1 5 6 8 B 0 0 1 1B3

10E 0 0		1 0 1 5 1 6 6 8 F 0 1 4 10E
10E 0 1		0 0 0 0 0 3 6 8 0 0 1 1 10F
10E 1 0		0 0 0 0 0 3 6 8 0 0 0 1 154
10E 1 1		0 0 0 0 0 3 6 8 0 4 1 1 10F

10F 0 0		1 0 0 6 0 6 6 0 0 0 1 0 1B3
10F 0 1		1 0 0 6 0 6 6 0 0 0 1 1 1B3
10F 1 0		1 0 0 1 0 1 6 8 0 0 3 0 154
10F 1 1		1 0 0 3 0 3 4 4 F 0 0 6 10F

110 0 0		0 0 1 0 1 4 6 8 1 C 0 0 1A2
110 0 1		1 0 2 3 0 3 0 4 F 0 3 0 155
110 1 0		1 0 1 3 4 3 4 5 E 0 0 1 1B4
110 1 1		0 0 1 0 1 5 2 8 8 D 1 0 1B4

111 0 0		1 0 0 3 0 3 1 4 E 0 5 6 0AE
111 0 1		0 0 1 0 1 4 6 8 1 C 0 0 1A2
111 1 0		1 0 2 0 0 0 0 8 0 0 2 2 0B0
111 1 1		1 0 0 7 0 4 6 1 0 0 0 1 1EF

112 0 0		0 0 0 0 0 4 6 8 0 0 2 2 0B1
112 0 1		0 0 0 0 0 5 6 8 0 0 2 2 0B2
112 1 0		0 0 1 0 1 4 6 8 F 0 2 2 0B3
112 1 1		0 0 0 0 0 5 6 8 0 0 2 2 0B4

113 0 0		1 0 2 3 0 3 2 8 0 0 1 1 1B7
113 0 1		1 0 0 1 0 1 6 8 0 9 0 0 15D
113 1 0		0 0 0 0 0 5 6 8 0 C 0 0 1AE
113 1 1		0 0 0 0 0 5 6 8 0 0 0 0 1AE

114 0 0		0 0 1 0 1 6 6 8 5 0 1 1 1B8
114 0 1		0 0 0 0 0 4 6 8 0 0 1 1 1F6
114 1 0		1 0 0 1 0 1 6 8 0 0 0 0 115
114 1 1		1 0 1 5 1 0 6 8 C 0 0 4 115

115 0 0		1 0 1 4 1 0 5 8 7 0 1 0 1B9
115 0 1		1 0 0 1 0 1 6 8 0 0 0 0 1A2
115 1 0		1 0 0 1 0 1 6 8 0 0 0 1 116
115 1 1		1 0 1 5 1 0 6 8 D 0 0 4 116

116 0 0		1 0 0 1 0 1 6 8 0 C 0 1 116
116 0 1		1 0 2 2 0 2 3 8 0 0 0 0 1F7
116 1 0		1 0 0 7 0 5 6 8 0 0 0 0 1B9
116 1 1		1 0 0 3 0 3 4 2 0 0 0 1 1B9

117 0 0		0 0 1 0 1 4 6 8 1 3 1 1 117
117 0 1		0 0 1 0 1 3 6 9 2 2 0 1 1A2
117 1 0		1 0 2 3 0 3 0 4 F 0 5 0 117
117 1 1		1 0 2 3 0 3 0 4 D 0 5 1 117

118 0 0		0 0 1 0 1 7 6 1 F 0 0 1 0BA
118 0 1		0 0 0 0 0 4 6 8 0 C 0 1 163
118 1 0		0 0 0 0 0 7 6 1 0 0 1 1 164
118 1 1		0 0 0 0 0 4 6 8 0 0 0 1 163

119 0 0		0 0 1 0 1 3 6 8 6 D 3 2 00A
119 0 1		1 0 2 2 0 2 0 8 0 0 5 3 009
119 1 0		1 0 0 6 0 1 6 8 0 0 0 1 1B6
119 1 1		1 0 0 6 0 6 3 8 0 0 0 1 119

11A 0 0		0 0 0 0 0 2 2 4 D 0 1 1 165
11A 0 1		1 0 0 6 0 6 6 0 0 1 0 4 0BD
11A 1 0		0 0 1 0 1 5 6 8 1 0 0 1 165
11A 1 1		1 0 0 7 0 7 6 1 0 6 0 4 0BD

11B 0 0		1 0 0 6 0 6 6 0 0 A 0 1 11B
11B 0 1		0 0 1 0 1 3 6 8 D 0 0 0 00E
11B 1 0		1 0 0 7 0 7 6 1 0 B 1 1 11B
11B 1 1		1 0 1 7 1 6 6 8 F 0 1 4 0BD

11C 0 0		1 0 0 1 0 1 6 8 0 0 6 3 00D
11C 0 1		0 0 1 0 2 0 6 8 0 0 1 0 166
11C 1 0		1 0 2 3 0 3 0 8 0 0 5 1 11C
11C 1 1		1 0 0 1 0 1 6 8 0 0 0 0 0BE

11D 0 0		1 0 0 1 0 1 6 8 0 0 2 1 11D
11D 0 1		1 0 1 6 1 0 5 0 C 0 0 1 168
11D 1 0		0 0 1 0 1 6 6 0 3 0 1 0 1AE
11D 1 1		1 0 1 6 1 0 6 0 3 0 1 0 167

11E 0 0		0 0 1 0 1 3 6 8 5 0 0 0 16C
11E 0 1		1 0 1 5 1 6 0 8 9 0 5 3 012
11E 1 0		0 0 1 0 1 3 6 8 5 0 0 1 169
11E 1 1		1 0 1 5 1 6 6 8 7 D 0 4 10E

11F 0 0		1 0 1 6 1 6 6 0 4 0 0 0 16A
11F 0 1		1 0 1 5 1 6 0 8 6 0 5 0 120
11F 1 0		1 0 1 6 1 6 6 0 C 0 0 1 020
11F 1 1		1 0 1 5 1 6 0 8 6 0 5 1 120

120 0 0		0 0 1 0 1 6 6 9 1 0 1 1 16A
120 0 1		0 0 1 0 1 3 6 8 D D 2 2 016
120 1 0		0 0 1 0 1 3 6 8 3 0 1 3 0C0
120 1 1		0 0 1 0 1 1 6 8 F 0 1 3 0C1

121 0 0		1 0 0 7 0 7 6 1 0 0 1 1 16B
121 0 1		1 0 1 5 1 6 0 8 8 0 1 0 11E
121 1 0		0 0 1 0 7 7 2 1 0 0 0 3 0C3
121 1 1		0 0 1 0 1 3 6 8 1 0 0 1 0BA

122 0 0		1 0 0 6 0 0 6 8 0 0 0 1 16C
122 0 1		0 0 0 0 0 7 6 1 0 0 1 3 0C7
122 1 0		1 0 0 5 0 0 6 8 0 0 0 1 01D
122 1 1		0 0 0 0 0 7 6 1 0 0 0 0 16F

123 0 0		1 0 1 7 1 6 6 8 F 0 0 4 0C8
123 0 1		1 0 0 5 0 7 6 1 0 0 1 2 0C8
123 1 0		1 0 0 7 0 7 6 1 0 0 1 2 0C8
123 1 1		1 0 0 7 0 7 6 1 0 0 1 2 0C8

124 0 0		1 0 0 4 0 6 6 0 0 4 2 1 124
124 0 1		1 0 0 1 0 1 6 3 0 7 3 0 124
124 1 0		1 0 0 5 0 7 6 1 0 0 0 2 022
124 1 1		1 0 1 3 4 3 4 8 0 0 1 1 1C1

125 0 0		1 0 1 6 1 6 4 9 F 0 0 0 172
125 0 1		1 0 0 4 0 0 6 8 0 0 0 1 172
125 1 0		1 0 1 5 1 6 0 8 4 0 5 1 125
125 1 1		1 0 0 5 0 0 6 8 0 0 2 0 126

126 0 0		0 0 1 0 1 3 6 8 8 D 2 2 02A
126 0 1		0 0 1 0 1 2 6 8 C 1 1 1 18C
126 1 0		0 0 0 0 0 3 6 8 0 D 2 2 029
126 1 1		1 0 0 4 0 1 6 8 0 0 1 1 172

127 0 0		0 0 1 0 1 4 6 8 1 0 0 0 1A2
127 0 1		1 0 1 7 1 6 5 0 7 0 1 0 175
127 1 0		0 0 1 0 1 4 6 8 3 0 0 0 1A2
127 1 1		1 0 0 7 0 6 6 0 0 0 0 1 175

128 0 0		1 0 1 3 1 4 2 8 3 0 5 1 128
128 0 1		1 0 0 3 0 3 1 4 F 0 0 1 176
128 1 0		0 0 1 0 1 4 6 8 1 0 0 0 1A2
128 1 1		0 0 1 0 1 4 6 8 1 0 0 0 1A2

129 0 0		0 0 1 0 1 4 6 8 1 0 0 0 1A2
129 0 1		0 0 1 0 1 7 6 0 8 3 0 1 0D3
129 1 0		0 0 1 0 1 4 6 8 6 D 0 1 168
129 1 1		1 0 1 6 1 6 5 0 3 3 0 1 0D3

12A 0 0		1 0 1 6 1 6 5 8 4 A 1 0 03D
12A 0 1		0 0 0 0 0 7 6 1 0 0 0 1 020
12A 1 0		1 0 1 6 1 6 5 8 4 B 1 0 0D2
12A 1 1		0 0 1 0 1 7 6 1 1 0 0 1 020

12B 0 0		1 0 0 1 0 1 4 8 0 0 0 1 17B
12B 0 1		1 0 0 1 0 1 4 8 0 0 0 1 17B
12B 1 0		1 0 0 3 0 3 4 4 F 0 1 0 17B
12B 1 1		0 0 1 0 1 4 6 8 1 0 0 1 020

12C 0 0		0 0 0 0 0 2 6 8 0 0 1 0 03F
12C 0 1		0 0 0 0 0 1 6 8 0 0 1 0 17C
12C 1 0		1 0 0 1 0 1 6 8 0 C 0 1 020
12C 1 1		1 0 2 3 0 3 0 4 F 0 1 1 1CA

12D 0 0		0 0 0 0 0 7 6 8 0 0 1 1 118
12D 0 1		0 0 1 0 1 3 2 8 C 4 1 0 17E
12D 1 0		0 0 1 0 1 4 6 8 1 C 0 0 1A2
12D 1 1		1 0 0 4 0 4 1 8 0 1 0 1 17E

12E 0 0		1 0 0 7 0 7 6 1 0 0 1 1 0D8
12E 0 1		1 0 2 3 0 3 0 4 E 0 5 0 12F
12E 1 0		0 0 1 0 1 3 6 8 C 0 1 0 17F
12E 1 1		0 0 2 0 0 4 4 8 0 5 0 0 184

12F 0 0		1 1 1 6 7 6 3 0 0 0 0 0 180
12F 0 1		0 0 1 0 1 3 6 8 C 0 2 1 12E
12F 1 0		1 1 1 6 7 6 3 0 0 0 0 1 12E
12F 1 1		1 0 2 3 0 3 0 2 0 0 0 5 0DB

130 0 0		1 0 1 5 1 7 6 8 C 0 0 4 0DA
130 0 1		1 0 0 1 0 1 6 4 E 0 0 1 181
130 1 0		0 0 0 0 0 3 6 8 0 0 0 1 130
130 1 1		0 0 1 0 1 3 6 8 1 5 1 0 181

131 0 0		0 0 1 0 1 3 6 8 5 0 0 1 182
131 0 1		1 0 0 6 0 6 6 0 0 0 1 1 182
131 1 0		1 0 2 3 0 3 0 4 F 0 3 3 043
131 1 1		1 0 0 6 0 6 6 0 0 0 1 2 0DE

132 0 0		1 0 0 7 0 7 6 1 0 B 1 1 049
132 0 1		0 0 1 0 1 3 6 8 F 1 1 0 01A
132 1 0		1 0 0 7 0 5 6 1 0 0 2 2 047
132 1 1		1 0 2 5 0 6 0 8 0 7 2 4 049

133 0 0		1 0 2 5 0 6 0 8 0 7 2 4 049
133 0 1		1 0 1 5 1 6 1 8 3 7 5 0 134
133 1 0		0 0 0 0 0 3 4 8 0 4 0 0 0E4
133 1 1		0 0 0 0 0 3 4 8 0 4 0 0 0E4

134 0 0		0 0 1 0 1 4 2 8 D 8 0 1 134
134 0 1		1 0 3 4 5 3 1 8 0 3 0 3 0E4
134 1 0		0 0 0 0 0 3 4 8 0 4 0 0 0E4
134 1 1		1 0 1 1 1 6 6 8 F 0 0 4 0FA

135 0 0		1 0 0 1 0 1 6 4 E 0 1 1 185
135 0 1		1 0 0 3 0 3 1 5 E 0 5 1 135
135 1 0		0 0 1 0 1 3 6 8 C 0 3 6 04C
135 1 1		1 0 0 1 0 1 6 4 F 0 1 1 187

136 0 0		1 0 0 7 0 7 6 1 0 0 1 1 135
136 0 1		1 0 0 1 0 1 6 4 E 2 1 0 050
136 1 0		1 0 0 7 0 7 6 1 0 0 3 3 04F
136 1 1		1 0 2 3 0 3 0 2 0 0 5 5 050

137 0 0		1 0 0 3 0 3 1 2 0 0 1 5 0E7
137 0 1		0 0 0 0 0 4 6 8 0 6 0 0 189
137 1 0		0 0 1 0 1 3 6 8 F 1 0 1 136
137 1 1		0 0 1 0 1 4 6 8 1 6 0 0 189

138 0 0		0 0 1 0 1 3 6 8 F 8 0 1 18A
138 0 1		1 0 0 6 0 6 6 1 0 0 0 0 0EF
138 1 0		0 0 1 0 1 3 6 8 4 0 1 1 18A
138 1 1		1 0 0 6 0 6 6 1 0 0 0 1 01A

139 0 0		1 0 0 6 0 6 6 0 0 0 0 0 0EE
139 0 1		0 0 1 0 1 7 6 1 F 0 0 0 18E
139 1 0		1 0 0 6 0 6 6 0 0 0 0 0 0EF
139 1 1		0 0 1 0 1 7 6 1 F 0 1 1 148

13A 0 0		1 1 0 7 0 7 2 1 0 0 1 1 18E
13A 0 1		0 0 1 0 1 5 6 8 F 0 0 0 18F
13A 1 0		1 1 0 6 0 6 2 1 0 0 1 1 18E
13A 1 1		1 0 0 1 0 1 6 8 0 0 1 0 1AE

13B 0 0		1 0 0 1 0 1 6 8 0 0 0 0 000
13B 0 1		0 0 0 0 0 7 6 1 0 0 1 0 190
13B 1 0		0 0 1 0 1 3 2 8 C D 0 1 190
13B 1 1		0 0 0 0 0 7 6 1 0 0 1 0 05E

13C 0 0		1 0 0 7 0 7 6 1 0 0 3 4 05E
13C 0 1		1 0 0 7 0 7 6 0 0 1 1 0 05E
13C 1 0		0 0 0 0 0 6 6 1 0 0 1 1 190
13C 1 1		1 0 0 7 0 7 6 0 0 0 0 1 19B

13D 0 0		0 1 3 0 7 7 3 1 0 0 1 4 0F1
13D 0 1		0 0 0 0 0 7 6 1 0 0 0 1 05F
13D 1 0		1 1 3 4 7 7 3 1 0 0 1 0 191
13D 1 1		0 0 1 0 1 7 6 1 1 0 1 1 191

13E 0 0		1 0 0 7 0 7 6 1 0 3 0 0 192
13E 0 1		1 0 0 7 0 7 6 1 0 B 0 0 193
13E 1 0		1 0 0 7 0 7 6 1 0 2 1 0 192
13E 1 1		1 0 0 7 0 7 6 1 0 0 2 4 060

13F 0 0		0 0 0 0 0 7 6 1 0 0 1 0 0F2
13F 0 1		0 0 0 0 0 7 6 1 0 0 0 1 017
13F 1 0		0 0 0 0 0 7 6 1 0 0 0 1 020
13F 1 1		0 0 0 0 0 7 6 1 0 0 0 0 060

140 0 0		1 0 0 7 0 4 6 1 0 0 0 0 0F3
140 0 1		1 0 2 3 0 3 0 4 F 0 2 2 061
140 1 0		0 0 0 0 0 3 6 1 0 0 0 1 193
140 1 1		0 0 1 0 1 3 6 8 D 6 1 0 195

141 0 0		0 1 3 0 7 7 3 8 0 B 0 1 197
141 0 1		0 0 1 0 1 7 6 1 1 6 0 1 0F6
141 1 0		0 1 3 0 7 7 3 1 0 7 0 0 0F5
141 1 1		0 0 1 0 1 3 6 1 7 0 1 1 1A1

142 0 0		0 0 0 0 0 7 6 1 0 3 0 1 0F6
142 0 1		1 0 1 3 4 3 0 8 0 0 0 0 070
142 1 0		0 0 0 0 0 7 6 1 0 0 0 1 1DD
142 1 1		1 0 1 3 4 3 0 4 E 0 0 1 19A

143 0 0		1 1 0 7 0 7 3 1 0 0 5 5 07B
143 0 1		1 1 2 7 0 7 3 1 0 0 5 5 077
143 1 0		1 1 0 7 0 7 3 1 0 0 0 0 19D
143 1 1		1 1 2 7 0 7 3 1 0 0 1 0 07E

144 0 0		1 1 1 7 1 7 3 1 3 4 0 0 19E
144 0 1		1 1 0 7 0 7 3 1 0 0 5 5 07B
144 1 0		1 1 1 7 1 7 3 1 4 8 0 1 19E
144 1 1		1 1 0 7 0 7 3 1 0 0 0 1 19E

145 0 0		1 1 0 7 0 7 3 1 0 0 5 5 07B
145 0 1		1 1 2 7 0 7 3 1 0 0 5 5 077
145 1 0		1 1 0 7 0 7 3 1 0 0 0 0 19F
145 1 1		1 1 2 7 0 7 3 1 0 0 1 0 087

146 0 0		0 0 1 0 1 2 6 9 E 0 1 0 045
146 0 1		1 0 1 4 1 6 6 8 2 0 1 4 0EF
146 1 0		0 0 1 0 1 3 6 8 9 0 0 0 1DE
146 1 1		0 0 2 0 0 3 4 9 0 0 1 3 0FB

147 0 0		0 0 1 0 1 6 6 8 2 0 0 0 1A1
147 0 1		1 0 0 1 0 1 6 8 0 0 0 0 08D
147 1 0		0 1 2 0 0 3 0 4 E 0 0 1 1A1
147 1 1		0 0 0 0 0 3 6 4 D C 1 0 0F2

148 0 0		0 0 0 0 0 3 6 8 0 D 1 0 090
148 0 1		0 0 1 0 2 0 6 8 0 0 1 1 1A2
148 1 0		0 0 1 0 1 3 6 9 F 0 2 1 148
148 1 1		1 0 2 3 0 3 0 4 D D 5 1 139

149 0 0		1 0 1 5 1 0 5 9 C 0 1 0 00F
149 0 1		1 0 0 6 0 6 6 0 0 5 1 0 1A3
149 1 0		0 0 1 0 1 3 6 9 F 0 1 1 148
149 1 1		1 0 0 6 0 6 6 1 0 2 1 0 1A3

14A 0 0		1 0 0 6 0 6 4 8 0 0 1 0 1A5
14A 0 1		1 0 0 7 0 7 4 8 0 0 0 0 1A6
14A 1 0		1 0 0 1 0 1 6 8 0 0 2 2 098
14A 1 1		1 0 0 1 0 1 6 8 0 0 2 2 094

14B 0 0		1 0 0 4 0 4 4 8 0 0 1 0 1A6
14B 0 1		1 0 0 4 0 4 4 8 0 0 0 0 1A7
14B 1 0		0 0 1 0 1 7 6 8 6 0 0 0 099
14B 1 1		1 0 1 5 1 5 5 8 8 0 0 1 1A7

14C 0 0		1 0 0 4 0 4 4 A 0 0 1 0 1A7
14C 0 1		1 0 1 2 1 6 0 8 6 0 5 1 14D
14C 1 0		1 0 0 0 0 0 6 8 0 0 0 4 0FF
14C 1 1		1 0 0 3 0 3 1 4 E 0 5 0 14D

14D 0 0		0 0 1 0 1 7 6 1 F 0 1 1 14C
14D 0 1		0 0 2 0 0 3 0 8 0 0 0 1 105
14D 1 0		1 0 0 2 0 3 6 8 0 0 0 0 1A9
14D 1 1		1 0 0 3 0 3 1 4 F B 2 0 14E

14E 0 0		1 0 0 7 0 7 6 1 0 0 0 1 1A9
14E 0 1		1 0 0 7 0 5 6 1 0 4 0 0 105
14E 1 0		1 0 0 7 0 7 6 1 0 D 1 0 1A9
14E 1 1		1 0 0 7 0 7 6 1 0 B 1 0 1AA

14F 0 0		1 0 0 7 0 6 6 0 0 0 1 1 1AE
14F 0 1		1 0 1 5 7 5 3 8 0 0 0 0 1B0
14F 1 0		0 0 1 0 1 6 6 0 D 0 0 0 1E9
14F 1 1		1 0 2 5 0 5 3 8 0 D 5 0 150

150 0 0		0 0 0 0 0 5 6 8 0 0 2 1 00B
150 0 1		1 0 0 3 0 3 1 5 E 0 5 1 150
150 1 0		1 0 0 3 0 3 1 4 D 0 3 3 0A7
150 1 1		0 0 1 0 1 3 6 8 D 0 1 1 1B0

151 0 0		0 0 0 0 0 5 6 8 0 0 0 1 151
151 0 1		1 0 0 6 0 4 6 8 0 0 0 2 10B
151 1 0		1 0 0 7 0 5 6 8 0 0 1 0 1B1
151 1 1		0 0 0 0 0 5 6 8 0 C 0 0 1AE

152 0 0		1 0 0 3 0 3 1 8 0 0 1 1 1B1
152 0 1		1 1 0 6 0 6 2 0 0 0 3 6 0AA
152 1 0		0 0 0 0 0 5 6 8 0 C 0 0 1AE
152 1 1		1 1 2 6 0 6 3 0 0 0 0 0 10D

153 0 0		1 1 2 7 0 7 3 1 0 0 5 3 0AB
153 0 1		0 0 1 0 1 5 6 8 3 0 0 1 1B3
153 1 0		1 1 2 7 0 7 3 1 0 0 1 1 0AA
153 1 1		0 0 1 0 1 5 6 8 2 0 0 1 1B3

154 0 0		0 0 1 0 1 4 6 8 1 0 0 0 1A2
154 0 1		1 0 0 3 0 3 1 4 E D 5 1 154
154 1 0		0 0 1 0 1 4 6 8 3 0 0 0 1A2
154 1 1		1 0 2 3 0 3 0 4 F 0 1 1 1EB

155 0 0		1 0 0 6 0 4 6 0 0 4 0 1 110
155 0 1		1 0 0 6 0 6 7 0 0 0 0 1 1B5
155 1 0		1 0 0 6 0 6 6 0 0 B 1 0 1EC
155 1 1		1 0 0 6 0 6 7 0 0 0 0 0 1B5

156 0 0		0 0 1 0 1 3 6 8 7 0 0 6 111
156 0 1		1 0 0 7 0 5 6 1 0 4 1 0 1B5
156 1 0		0 0 0 0 0 4 6 8 0 D 1 0 1B5
156 1 1		1 0 0 7 0 7 6 1 0 B 1 1 1ED

157 0 0		1 0 0 3 0 3 1 4 F 0 1 3 111
157 0 1		1 0 0 1 0 1 6 8 0 0 6 1 157
157 1 0		0 0 1 0 1 4 6 8 1 C 0 0 1A2
157 1 1		0 0 1 0 1 5 6 8 2 0 1 1 1F0

158 0 0		0 0 1 0 1 3 6 8 F 0 1 1 1B6
158 0 1		1 0 0 3 0 6 2 E 0 0 0 0 1B7
158 1 0		1 0 2 3 0 3 0 4 E 0 1 0 1B6
158 1 1		1 0 1 4 1 4 6 8 8 0 0 1 158

159 0 0		1 0 0 3 0 3 1 8 0 0 6 0 159
159 0 1		1 0 0 4 0 6 6 8 0 0 1 1 0B4
159 1 0		1 0 0 6 0 3 6 8 0 0 1 3 112
159 1 1		1 0 0 5 0 7 6 8 0 0 0 0 1B8

15A 0 0		0 0 0 0 0 2 6 8 0 C 1 0 1B7
15A 0 1		1 0 0 1 0 1 6 8 0 0 6 1 15A
15A 1 0		1 0 0 1 0 1 6 8 0 9 0 1 15A
15A 1 1		1 0 0 7 0 7 4 3 0 0 0 0 1F2

15B 0 0		1 0 0 1 0 1 6 8 0 C 1 0 15B
15B 0 1		1 0 2 3 0 3 2 8 0 0 1 0 1B8
15B 1 0		1 0 0 7 0 4 4 2 0 0 0 1 1B8
15B 1 1		1 0 0 1 0 1 6 8 0 9 0 1 15C

15C 0 0		1 0 0 1 0 1 6 8 0 0 6 0 15C
15C 0 1		1 0 0 1 0 1 6 8 0 0 6 1 15C
15C 1 0		1 0 2 1 0 1 3 8 0 0 5 0 15B
15C 1 1		0 0 0 0 0 4 6 8 0 0 0 0 1F4

15D 0 0		1 0 0 1 0 1 6 8 0 0 6 0 15D
15D 0 1		1 0 1 4 1 0 6 8 5 0 1 4 114
15D 1 0		1 0 1 5 1 4 5 8 1 0 1 4 113
15D 1 1		1 0 0 1 0 1 6 8 0 0 0 1 116

15E 0 0		1 0 0 1 0 1 6 8 0 C 0 0 1A2
15E 0 1		1 0 0 1 0 1 6 8 0 0 0 0 001
15E 1 0		1 0 0 1 0 1 6 8 0 0 1 5 116
15E 1 1		1 0 0 1 0 1 6 8 0 9 0 0 15F

15F 0 0		1 0 0 3 0 3 1 4 E 0 6 0 15F
15F 0 1		0 0 0 0 0 0 0 0 0 0 0 0 000
15F 1 0		0 0 1 0 1 3 6 8 3 0 0 1 1F7
15F 1 1		0 0 0 0 0 0 0 0 0 0 0 0 000

160 0 0		1 0 0 3 0 3 1 4 F 0 5 3 004
160 0 1		1 0 0 7 0 7 6 1 0 0 4 6 005
160 1 0		1 0 1 0 1 0 6 8 4 0 0 4 0B7
160 1 1		1 1 0 6 0 5 2 8 0 0 0 0 161

161 0 0		1 0 2 3 0 3 0 4 F 0 0 6 0B9
161 0 1		1 1 0 7 0 7 3 1 0 0 5 2 006
161 1 0		1 0 0 7 0 6 6 1 0 0 1 1 160
161 1 1		0 0 0 0 0 3 1 4 D 0 1 0 1BA

162 0 0		1 0 0 3 0 3 1 4 D 0 2 2 007
162 0 1		1 1 3 3 5 5 4 8 0 0 0 0 1BB
162 1 0		1 0 0 1 0 1 6 5 D 0 1 1 162
162 1 1		0 0 1 0 1 3 6 8 2 D 0 0 163

163 0 0		1 0 2 3 0 3 0 5 D 0 3 3 008
163 0 1		0 0 0 0 0 6 6 8 0 7 0 1 119
163 1 0		1 0 0 4 0 4 3 8 0 0 5 1 119
163 1 1		1 0 1 4 1 4 3 8 E 0 1 1 1BC

164 0 0		1 0 1 4 1 4 3 8 6 0 5 1 119
164 0 1		0 0 1 0 1 0 6 8 3 0 1 1 0BC
164 1 0		0 0 0 0 0 3 0 4 D 0 0 0 1BD
164 1 1		0 0 1 0 2 0 6 8 0 0 0 0 165

165 0 0		0 0 1 0 1 3 6 9 3 0 2 0 11A
165 0 1		0 0 1 0 1 4 6 7 1 0 0 0 150
165 1 0		0 0 1 0 1 3 6 7 3 0 0 0 11A
165 1 1		1 0 1 6 1 6 5 0 C 9 0 1 11C

166 0 0		1 0 0 7 0 7 6 1 0 0 6 3 00D
166 0 1		1 0 0 1 0 1 3 8 0 0 5 0 11C
166 1 0		0 0 1 0 1 3 6 8 D D 3 3 00E
166 1 1		0 0 1 0 2 0 6 8 0 0 0 0 167

167 0 0		1 0 0 1 0 1 6 4 D D 2 0 11D
167 0 1		1 0 0 1 0 1 6 4 D 0 0 0 11D
167 1 0		0 0 0 0 0 3 6 8 0 D 1 1 167
167 1 1		1 0 0 3 0 3 1 4 D 0 2 2 00F

168 0 0		1 0 0 7 0 5 6 1 0 0 0 1 1BD
168 0 1		0 0 1 0 1 3 6 8 3 D 3 3 010
168 1 0		1 0 0 1 0 1 6 4 C 0 0 0 0BF
168 1 1		1 0 1 4 1 4 5 8 7 0 1 1 1BE

169 0 0		1 0 1 5 1 6 0 8 2 D 5 2 011
169 0 1		1 0 0 4 0 0 6 4 D 0 1 0 169
169 1 0		0 0 0 0 0 7 6 0 0 0 0 0 1BF
169 1 1		1 0 1 5 1 6 6 8 7 B 0 1 1BF

16A 0 0		0 0 1 0 1 3 6 8 7 0 1 0 1BF
16A 0 1		0 0 1 0 1 7 6 0 F 2 1 0 19F
16A 1 0		0 0 2 0 0 1 0 4 D 0 0 0 1C0
16A 1 1		0 0 1 0 1 0 6 8 4 0 1 0 19F

16B 0 0		1 0 0 1 0 1 6 4 D 0 0 1 1C0
16B 0 1		1 0 1 6 1 6 6 0 8 0 0 1 020
16B 1 0		0 0 1 0 1 1 6 8 F 0 1 1 01A
16B 1 1		1 0 0 1 0 1 6 4 E 0 1 0 1C0

16C 0 0		0 0 2 0 0 2 0 4 D 0 1 1 1C0
16C 0 1		1 0 0 1 0 1 6 8 0 0 1 3 0C4
16C 1 0		0 0 1 0 1 5 6 8 F 5 0 1 0C5
16C 1 1		0 0 1 0 1 3 6 8 F D 0 0 16D

16D 0 0		1 0 2 3 0 3 0 4 F 0 0 0 1C1
16D 0 1		1 0 0 7 0 7 6 1 0 0 0 1 020
16D 1 0		0 0 1 0 1 5 6 8 F 3 1 1 0C2
16D 1 1		0 0 1 0 1 5 6 8 F 3 1 1 16E

16E 0 0		0 0 1 0 1 5 6 8 F 3 1 0 16E
16E 0 1		1 0 0 1 0 1 6 4 F 0 1 0 1C1
16E 1 0		1 0 0 3 0 3 4 4 F 0 3 6 01F
16E 1 1		0 0 1 0 1 3 6 8 D 0 1 3 0C7

16F 0 0		0 0 1 0 1 2 6 8 E 2 0 1 16F
16F 0 1		1 0 0 3 0 3 4 4 F 0 5 0 123
16F 1 0		1 0 1 3 1 3 4 9 F 0 1 0 189
16F 1 1		0 0 1 0 1 6 6 0 3 D 2 2 020

170 0 0		1 0 0 3 0 3 1 4 D 0 3 3 021
170 0 1		0 0 0 0 0 3 4 4 D 0 1 0 170
170 1 0		1 0 1 6 1 7 6 8 6 0 0 4 0C9
170 1 1		0 0 1 0 1 3 6 8 3 D 1 0 021

171 0 0		0 0 1 0 1 3 6 8 3 0 3 3 023
171 0 1		1 0 1 6 1 6 5 0 3 0 0 0 17C
171 1 0		1 0 1 6 1 0 5 8 3 0 1 0 026
171 1 1		1 0 0 1 0 1 6 7 0 0 0 0 1C2

172 0 0		1 0 0 5 0 5 6 8 0 0 0 4 0CA
172 0 1		1 0 0 1 0 1 6 4 F 0 2 2 028
172 1 0		1 0 0 6 0 6 6 0 0 B 0 0 17A
172 1 1		0 0 0 0 0 3 6 8 0 D 0 0 02B

173 0 0		1 0 0 4 0 6 6 1 0 0 0 0 1C3
173 0 1		1 0 0 1 0 4 6 4 D 3 1 1 1C3
173 1 0		1 0 1 6 1 6 5 0 2 0 1 1 173
173 1 1		1 0 1 6 1 6 6 0 1 0 0 0 174

174 0 0		0 0 1 0 1 3 6 8 F 0 0 1 1C4
174 0 1		1 0 1 6 1 6 6 8 4 0 1 4 0CC
174 1 0		0 0 0 0 0 3 6 8 0 0 1 0 02E
174 1 1		1 0 0 6 0 6 6 7 0 0 2 4 02F

175 0 0		1 0 0 1 0 1 6 4 D 0 1 0 008
175 0 1		0 0 0 0 0 4 6 4 C 0 0 0 1C6
175 1 0		1 0 1 7 1 5 5 8 8 0 0 1 030
175 1 1		1 0 0 4 0 6 6 1 0 0 1 0 1C6

176 0 0		1 0 0 5 0 5 6 4 D 0 0 4 0D0
176 0 1		0 0 0 0 0 7 6 1 0 0 0 0 128
176 1 0		1 0 0 3 0 3 1 4 F 0 3 3 033
176 1 1		1 0 0 3 0 3 1 4 F 0 3 3 034

177 0 0		1 0 0 3 0 3 1 4 F 0 3 3 035
177 0 1		1 0 0 3 0 3 1 4 F 0 2 2 037
177 1 0		1 0 0 3 0 3 1 4 F 0 2 2 038
177 1 1		1 0 0 3 0 3 1 4 F 0 2 2 039

178 0 0		1 0 0 1 0 1 6 4 F 0 1 1 1C6
178 0 1		0 0 1 0 1 3 6 8 8 0 1 1 1C7
178 1 0		1 0 1 0 1 6 6 8 E A 0 0 179
178 1 1		1 0 1 0 5 0 6 4 D 0 0 4 0D2

179 0 0		1 0 0 1 0 1 6 4 F 0 1 0 03B
179 0 1		1 0 1 4 1 6 6 8 7 4 1 4 0D2
179 1 0		1 0 1 6 1 6 6 0 4 0 0 0 1A2
179 1 1		1 0 1 6 1 7 5 0 B 8 3 0 12A

17A 0 0		0 0 1 0 1 3 6 8 8 0 0 1 17A
17A 0 1		1 0 0 7 0 7 6 5 D 0 2 4 03E
17A 1 0		1 0 0 6 0 0 6 0 0 0 0 0 1C8
17A 1 1		1 0 0 6 0 6 6 0 0 0 0 1 1C8

17B 0 0		0 0 0 0 0 4 6 8 0 0 1 1 1C8
17B 0 1		1 0 0 2 0 2 3 8 0 0 5 0 12B
17B 1 0		1 0 0 6 0 6 6 0 0 0 0 1 1C9
17B 1 1		1 0 1 6 1 6 5 0 3 1 0 0 17C

17C 0 0		1 1 0 5 0 5 2 8 0 0 1 1 1C9
17C 0 1		1 0 0 6 0 5 6 0 0 0 2 1 12C
17C 1 0		0 0 1 0 1 0 6 8 1 0 1 1 17C
17C 1 1		1 1 1 5 1 6 2 8 9 0 0 0 17D

17D 0 0		1 1 1 2 1 6 3 8 7 0 0 0 1CB
17D 0 1		1 0 0 5 0 2 7 9 0 0 0 1 1CB
17D 1 0		1 0 0 6 0 1 6 0 0 0 1 0 17C
17D 1 1		1 0 0 3 0 3 4 5 E 0 1 1 1CB

17E 0 0		1 0 0 7 0 7 6 1 0 3 0 4 0D6
17E 0 1		0 0 1 0 1 3 6 8 C 8 1 0 17E
17E 1 0		1 0 2 3 0 3 0 4 E A 3 2 040
17E 1 1		1 0 0 5 0 5 1 2 0 0 1 5 0D7

17F 0 0		1 0 1 5 1 4 6 8 D 0 0 4 0D8
17F 0 1		1 0 0 3 0 3 1 5 E 0 5 0 12E
17F 1 0		0 0 0 0 0 3 6 2 0 0 1 5 0D9
17F 1 1		1 0 0 3 0 5 6 4 F 0 0 1 1CC

180 0 0		1 0 2 4 0 4 0 8 0 B 1 6 0DA
180 0 1		1 0 0 1 0 1 6 2 0 0 1 5 0DB
180 1 0		0 0 1 0 1 6 6 8 C 6 0 1 189
180 1 1		1 0 0 6 0 4 6 8 0 0 1 0 0DF

181 0 0		1 0 0 7 0 4 6 8 0 0 1 0 0DF
181 0 1		1 0 0 4 0 7 6 0 0 0 1 0 1CC
181 1 0		0 0 1 0 1 3 6 2 D 0 1 5 0DC
181 1 1		1 0 0 7 0 4 6 1 0 7 0 0 1CD

182 0 0		1 0 0 7 0 6 6 8 0 0 2 0 131
182 0 1		0 0 2 0 0 3 0 5 D 0 0 1 1CD
182 1 0		0 0 1 0 1 6 6 8 B 2 0 1 189
182 1 1		0 0 0 0 0 4 1 2 0 0 0 5 0DE

183 0 0		1 0 0 3 0 3 1 5 E B 2 1 131
183 0 1		0 0 0 0 0 3 6 4 D 5 1 0 1CD
183 1 0		0 0 1 0 1 6 6 8 A 0 1 1 183
183 1 1		0 0 1 0 1 1 6 8 F 0 0 0 1CE

184 0 0		1 0 2 3 0 3 2 4 E 0 0 6 0DF
184 0 1		1 0 0 6 0 4 6 8 0 0 0 0 184
184 1 0		1 0 0 1 0 1 6 2 0 0 0 5 0E0
184 1 1		1 0 0 4 0 3 6 4 E 0 0 1 1CE

185 0 0		0 0 0 0 0 6 6 1 0 0 1 0 1CE
185 0 1		1 0 0 7 0 7 6 1 0 0 0 0 1CF
185 1 0		0 0 2 0 0 4 0 4 E 0 0 1 1CF
185 1 1		1 0 0 7 0 4 6 1 0 0 1 1 1CF

186 0 0		0 0 0 0 0 4 1 5 E 0 0 0 1D0
186 0 1		1 0 2 3 0 3 0 2 0 B 2 5 04D
186 1 0		0 0 0 0 0 3 6 8 0 6 1 1 186
186 1 1		1 0 0 3 0 3 1 8 0 0 0 1 1D0

187 0 0		1 0 0 6 0 4 6 8 0 0 1 1 186
187 0 1		1 0 0 7 0 4 6 8 0 0 1 1 186
187 1 0		0 0 1 0 1 5 6 8 1 0 1 0 1D0
187 1 1		1 0 0 7 0 7 6 1 0 0 1 1 1D0

188 0 0		1 0 0 7 0 7 6 1 0 0 0 0 0E6
188 0 1		0 0 0 0 0 3 6 4 D 1 0 0 1D1
188 1 0		1 0 2 3 0 5 0 8 0 0 1 4 0E8
188 1 1		1 0 1 3 5 3 1 3 0 0 0 5 0EA

189 0 0		0 0 1 0 1 6 6 8 4 0 0 0 18A
189 0 1		0 0 0 0 0 4 6 8 0 0 0 0 18A
189 1 0		0 0 1 0 1 5 6 8 1 0 1 1 189
189 1 1		0 0 0 0 0 6 6 8 0 0 0 1 189

18A 0 0		0 0 1 0 1 3 6 8 4 0 1 0 1D1
18A 0 1		1 0 2 3 0 3 0 2 0 0 3 5 055
18A 1 0		0 0 1 0 1 3 6 2 4 0 0 5 0EB
18A 1 1		1 0 0 1 0 1 6 4 D 0 1 0 1D2

18B 0 0		1 0 0 1 0 1 6 8 0 0 3 3 056
18B 0 1		1 0 2 3 0 3 0 5 F 0 5 1 138
18B 1 0		1 0 0 7 0 7 6 1 0 0 1 1 18B
18B 1 1		1 0 2 3 0 3 0 3 0 0 5 5 057

18C 0 0		1 0 0 5 0 6 6 1 0 0 0 1 18C
18C 0 1		1 0 2 3 0 3 2 3 0 0 5 5 058
18C 1 0		1 0 0 5 0 2 7 9 0 0 1 1 18C
18C 1 1		0 0 0 0 0 3 2 8 0 0 0 3 0EE

18D 0 0		1 0 0 3 0 3 1 5 F 0 5 0 139
18D 0 1		1 0 0 6 0 6 6 0 0 0 1 1 1D2
18D 1 0		1 0 0 7 0 7 6 1 0 0 3 4 05B
18D 1 1		0 0 1 0 1 6 6 8 2 0 1 0 19F

18E 0 0		1 0 0 4 0 3 6 8 0 0 0 1 022
18E 0 1		1 0 0 6 0 6 6 0 0 0 1 0 18E
18E 1 0		1 0 2 3 0 3 0 5 D 0 2 0 13A
18E 1 1		0 1 2 0 0 3 0 5 D 2 2 6 05C

18F 0 0		1 0 3 5 4 4 4 8 0 0 0 1 1D3
18F 0 1		1 0 0 4 0 0 6 8 0 0 1 1 1D4
18F 1 0		1 1 1 7 7 7 3 8 0 0 0 1 1D6
18F 1 1		0 0 1 0 1 3 6 8 1 1 0 0 190

190 0 0		1 0 0 3 0 3 1 5 D 0 2 2 05D
190 0 1		0 0 0 0 0 7 6 8 0 0 1 1 1D6
190 1 0		0 0 0 0 0 4 1 4 E 0 0 1 1D7
190 1 1		1 0 0 1 0 1 6 5 E 0 1 0 1D7

191 0 0		0 0 1 0 1 4 2 8 6 0 0 1 191
191 0 1		1 0 2 3 0 3 0 4 D 0 5 0 13D
191 1 0		0 0 0 0 0 4 6 8 0 0 0 1 191
191 1 1		0 0 1 0 1 4 6 8 C 5 1 1 1D7

192 0 0		1 0 3 3 4 3 0 4 F B 0 2 0F2
192 0 1		1 0 1 3 4 3 0 5 F 0 2 0 13E
192 1 0		0 0 1 0 1 6 6 8 1 0 1 1 192
192 1 1		0 0 1 0 1 2 6 8 F 8 1 1 19F

193 0 0		1 0 0 3 0 3 1 4 F 4 3 1 13E
193 0 1		1 0 0 1 0 1 6 4 F 0 0 0 1D8
193 1 0		1 0 1 7 1 6 0 8 D 0 5 0 140
193 1 1		0 0 0 0 0 7 6 1 0 0 0 1 1D8

194 0 0		1 0 0 1 0 1 6 4 E 0 1 0 1D8
194 0 1		0 0 1 0 1 3 6 8 F D 1 0 194
194 1 0		1 0 2 3 0 3 0 4 E 0 1 2 0F3
194 1 1		1 0 0 4 0 3 1 8 0 0 0 0 195

195 0 0		1 0 1 3 1 6 6 8 E 0 0 4 0F4
195 0 1		1 0 0 7 0 7 6 1 0 0 1 0 1DA
195 1 0		1 0 1 3 4 3 2 4 F 0 0 0 1DB
195 1 1		1 0 0 7 0 7 6 1 0 0 1 0 1DB

196 0 0		0 0 0 0 0 7 6 1 0 0 0 1 064
196 0 1		0 0 1 0 1 4 6 8 2 0 1 0 196
196 1 0		0 0 1 0 1 6 6 8 1 6 1 1 19F
196 1 1		0 0 1 0 1 3 6 8 1 0 1 1 1DB

197 0 0		1 0 0 3 0 3 1 4 F 0 0 1 1DC
197 0 1		0 0 0 0 0 3 6 1 0 1 1 0 1DC
197 1 0		1 0 0 1 0 1 6 4 D D 1 1 1DC
197 1 1		0 0 1 0 1 2 6 8 F 1 1 0 1DD

198 0 0		0 0 1 0 1 3 6 8 D D 1 0 066
198 0 1		1 0 0 3 0 3 1 5 E 0 2 6 067
198 1 0		1 0 0 3 0 3 1 8 0 0 1 1 198
198 1 1		1 0 0 3 0 3 1 4 D 0 5 6 068

199 0 0		0 0 0 0 0 3 1 8 0 0 0 1 199
199 0 1		1 0 0 3 0 3 1 4 F 0 2 2 069
199 1 0		1 0 0 3 0 3 1 4 F 0 2 2 06A
199 1 1		1 0 0 3 0 3 1 4 F 0 2 2 06B

19A 0 0		1 0 0 3 0 3 1 4 F B 2 3 06C
19A 0 1		1 0 0 6 0 5 6 0 0 0 1 0 19A
19A 1 0		1 0 2 3 0 3 0 4 E 0 5 2 06D
19A 1 1		1 0 3 3 4 3 1 8 0 0 5 1 142

19B 0 0		1 0 0 4 0 0 6 8 0 0 2 5 06E
19B 0 1		1 0 1 0 1 0 6 8 2 0 0 0 19B
19B 1 0		1 0 1 4 1 6 6 8 E 0 1 4 0F6
19B 1 1		1 0 2 3 0 3 0 4 D 0 3 3 074

19C 0 0		1 0 2 3 0 3 0 4 D 0 3 3 075
19C 0 1		1 0 1 0 1 0 6 8 1 0 0 1 077
19C 1 0		1 0 2 3 0 3 0 4 D 0 3 3 079
19C 1 1		1 0 2 3 0 3 0 4 D 0 3 3 07A

19D 0 0		1 0 2 3 0 3 0 4 D 0 5 0 143
19D 0 1		1 0 2 3 0 3 0 4 D 0 3 3 07D
19D 1 0		1 0 2 3 0 3 0 4 D 0 3 3 07E
19D 1 1		1 0 2 3 0 3 0 4 D 0 3 3 080

19E 0 0		1 0 2 3 0 3 0 4 D 0 3 0 144
19E 0 1		1 0 2 3 0 3 0 4 D 0 5 1 144
19E 1 0		1 0 2 3 0 3 0 4 D 0 3 3 082
19E 1 1		1 0 2 3 0 3 0 4 D 0 3 3 085

19F 0 0		1 0 2 3 0 3 0 4 D 0 5 0 145
19F 0 1		1 0 2 3 0 3 0 4 D 0 3 3 087
19F 1 0		0 0 1 0 1 2 6 8 D 0 1 1 19F
19F 1 1		0 0 2 0 0 3 4 9 0 0 0 0 1A0

1A0 0 0		0 0 1 0 1 3 6 8 9 0 1 1 1DD
1A0 0 1		1 0 0 1 0 1 6 4 D 0 1 0 1A0
1A0 1 0		1 0 0 6 0 0 6 0 0 0 1 1 1DE
1A0 1 1		1 0 0 1 0 1 6 5 D 0 0 0 1DF

1A1 0 0		0 0 1 0 1 0 6 8 7 0 1 1 19F
1A1 0 1		1 0 0 7 0 7 6 1 0 0 0 4 0FD
1A1 1 0		0 0 1 0 1 2 6 9 E 7 0 0 1A0
1A1 1 1		1 0 0 1 0 1 6 4 D 0 0 1 1DF

1A2 0 0		0 0 1 0 1 3 2 8 3 D 0 1 1A2
1A2 0 1		1 0 2 3 0 3 0 4 D 0 3 3 08F
1A2 1 0		0 0 0 0 0 4 6 8 0 0 0 1 1A2
1A2 1 1		1 0 0 4 0 3 6 9 0 0 3 0 149

1A3 0 0		0 0 0 0 0 6 6 8 0 0 0 1 1A7
1A3 0 1		1 0 1 6 6 6 3 8 0 0 3 6 091
1A3 1 0		0 0 0 0 0 6 6 8 0 0 0 0 092
1A3 1 1		1 0 0 5 0 5 3 8 0 0 1 6 101

1A4 0 0		0 0 1 0 1 0 6 8 C 0 0 0 093
1A4 0 1		1 0 0 7 0 7 6 1 0 0 1 0 1DF
1A4 1 0		1 0 2 2 0 2 3 8 0 0 0 0 1E0
1A4 1 1		0 0 0 0 0 2 6 8 0 0 1 1 097

1A5 0 0		1 0 0 2 0 2 3 8 0 0 0 1 1E0
1A5 0 1		0 0 0 0 0 5 6 9 0 0 1 0 1E1
1A5 1 0		1 0 0 5 0 5 3 8 0 0 0 0 1E2
1A5 1 1		0 0 1 0 1 4 6 8 3 0 0 1 14A

1A6 0 0		1 0 0 4 0 4 3 8 0 0 5 1 14A
1A6 0 1		0 0 1 0 1 7 6 8 3 0 0 0 14B
1A6 1 0		1 0 0 4 0 4 6 8 0 0 1 0 1E2
1A6 1 1		0 0 0 0 0 4 6 8 0 0 0 1 14B

1A7 0 0		1 0 0 7 0 7 3 8 0 0 5 1 14B
1A7 0 1		0 0 1 0 1 7 6 8 9 0 0 0 14C
1A7 1 0		1 0 0 5 0 5 7 8 0 0 0 0 1E3
1A7 1 1		1 0 0 5 0 2 6 8 0 0 0 1 1E3

1A8 0 0		0 0 1 0 1 5 6 8 8 0 0 1 1A8
1A8 0 1		1 0 0 1 0 1 6 E 0 0 0 0 09A
1A8 1 0		1 0 0 2 0 5 6 8 0 0 1 2 104
1A8 1 1		0 0 2 0 0 3 4 9 0 0 1 1 1E3

1A9 0 0		0 0 0 0 0 3 6 4 E 0 0 0 1E4
1A9 0 1		1 0 0 1 0 1 6 5 E 0 0 1 1E4
1A9 1 0		1 0 2 3 0 3 0 5 E 0 3 3 09C
1A9 1 1		0 0 1 0 1 4 6 8 2 0 0 0 1AA

1AA 0 0		1 0 1 3 4 3 1 4 F 0 1 0 1E4
1AA 0 1		1 0 2 3 0 3 2 4 E 0 0 0 1E5
1AA 1 0		0 0 0 0 0 3 6 4 F 0 0 1 1E5
1AA 1 1		1 0 0 7 0 7 6 1 0 0 1 0 1E5

1AB 0 0		1 0 0 7 0 7 6 1 0 0 1 1 1E5
1AB 0 1		1 0 0 2 0 3 1 4 E 0 1 0 1E6
1AB 1 0		1 0 3 1 5 6 1 5 E 0 5 2 0A0
1AB 1 1		1 0 0 1 0 4 6 8 0 0 0 0 1E7

1AC 0 0		0 0 1 0 7 4 2 1 0 0 0 1 1AC
1AC 0 1		1 0 1 3 5 3 2 4 F D 0 1 1E7
1AC 1 0		1 0 0 7 0 6 6 0 0 0 1 0 1E7
1AC 1 1		0 0 0 0 0 5 0 5 E 0 0 0 1E8

1AD 0 0		0 0 0 0 0 5 6 8 0 0 0 1 1E8
1AD 0 1		1 0 0 1 0 1 6 E 0 0 1 0 1AD
1AD 1 0		0 0 0 0 0 5 6 8 0 0 1 1 107
1AD 1 1		0 0 1 0 1 4 6 8 3 0 3 3 0A2

1AE 0 0		1 0 0 1 0 1 6 7 0 0 0 1 020
1AE 0 1		1 0 0 1 0 1 6 E 0 0 1 0 1AD
1AE 1 0		0 0 0 0 0 3 6 9 0 0 1 1 1AE
1AE 1 1		0 0 0 0 0 5 1 4 D 0 1 0 1E8

1AF 0 0		1 0 0 6 0 6 6 0 0 0 0 1 1E9
1AF 0 1		1 0 0 1 0 1 3 8 0 0 1 0 1AF
1AF 1 0		0 0 0 0 0 5 6 2 0 0 1 0 1E9
1AF 1 1		0 0 0 0 0 5 6 8 0 D 0 0 1B0

1B0 0 0		1 0 2 3 0 3 0 4 D B 0 1 1EA
1B0 0 1		0 0 0 0 0 5 6 8 0 D 0 1 10A
1B0 1 0		0 0 0 0 0 3 6 E 0 0 0 1 150
1B0 1 1		1 0 0 3 0 3 1 4 F 3 1 3 10A

1B1 0 0		1 0 0 6 0 6 6 8 0 A 1 1 1B0
1B1 0 1		1 0 0 7 0 7 6 1 0 0 2 0 151
1B1 1 0		1 0 1 7 1 7 0 8 C 0 5 1 151
1B1 1 1		1 0 3 3 5 3 2 4 F 0 1 0 1EA

1B2 0 0		1 0 0 7 0 7 6 1 0 0 0 0 152
1B2 0 1		1 0 3 3 4 3 2 4 F 0 1 1 1EA
1B2 1 0		1 0 0 6 0 6 6 0 0 0 1 1 10B
1B2 1 1		0 0 1 0 1 0 0 8 8 0 0 0 1EB

1B3 0 0		0 0 0 0 0 5 6 8 0 0 1 1 10C
1B3 0 1		1 0 0 1 0 1 6 E 0 0 0 0 1B3
1B3 1 0		1 0 1 6 7 6 6 8 0 0 1 4 10F
1B3 1 1		1 0 1 0 1 0 6 8 8 0 1 0 10F

1B4 0 0		1 0 3 3 4 3 2 4 F 0 0 0 1ED
1B4 0 1		1 0 0 6 0 6 6 0 0 0 0 1 1ED
1B4 1 0 	0 0 1 0 1 4 6 8 E 0 0 0 156
1B4 1 1		0 0 1 0 1 3 6 8 5 0 0 0 1B5

1B5 0 0		1 0 2 3 0 3 0 4 E 0 5 1 155
1B5 0 1		1 0 0 5 0 5 4 8 0 0 1 0 1ED
1B5 1 0		1 0 2 3 0 3 0 4 F 0 3 1 156
1B5 1 1		0 0 0 0 0 1 6 8 0 0 0 1 1EE

1B6 0 0		1 0 0 2 0 6 6 8 0 2 1 0 007
1B6 0 1		1 0 0 4 0 2 6 8 0 0 1 0 1EF
1B6 1 0		1 0 0 6 0 4 6 4 E 0 0 0 1F0
1B6 1 1		1 0 0 0 0 3 6 4 C 0 0 0 1F1

1B7 0 0		1 0 0 1 0 1 6 8 0 9 0 0 159
1B7 0 1		0 0 1 0 1 5 6 8 3 0 0 1 1F1
1B7 1 0		0 0 0 0 0 1 6 8 0 0 1 0 15A
1B7 1 1		1 0 2 2 0 2 3 8 0 0 1 1 1F2

1B8 0 0		0 0 1 0 1 5 6 8 3 0 0 0 1F3
1B8 0 1		1 0 0 7 0 5 6 1 0 0 0 1 1F3
1B8 1 0		1 0 2 2 0 2 3 8 0 9 0 0 15C
1B8 1 1		0 0 1 0 1 5 6 8 E 0 0 0 1B9

1B9 0 0		1 0 0 6 0 4 6 2 0 0 1 0 1F4
1B9 0 1		1 0 0 6 0 6 6 0 0 0 0 1 1F5
1B9 1 0		1 0 1 0 1 0 6 8 4 0 1 4 115
1B9 1 1		1 0 0 1 0 1 3 8 0 0 5 1 15E

1BA 0 0		0 0 0 0 0 5 6 8 0 0 0 1 1BA
1BA 0 1		1 0 0 1 0 1 6 7 0 0 1 0 117
1BA 1 0		0 0 1 0 1 7 6 0 6 0 1 1 1BA
1BA 1 1		1 0 0 6 0 6 6 8 0 4 0 4 0BA

1BB 0 0		0 0 1 0 1 3 6 8 5 0 0 1 1BB
1BB 0 1		1 1 3 3 6 2 3 8 0 0 1 0 1BB
1BB 1 0		0 0 1 0 1 3 6 8 9 0 1 1 1BB
1BB 1 1		1 0 0 1 0 6 6 8 0 0 0 0 1BC

1BC 0 0		1 1 3 3 6 1 3 8 0 0 5 1 118
1BC 0 1		0 0 1 0 1 3 6 8 9 0 1 0 1BC
1BC 1 0		1 1 3 3 4 7 3 8 0 0 5 1 118
1BC 1 1		1 0 1 6 1 6 3 8 3 0 0 1 0BC

1BD 0 0		1 0 0 6 0 6 6 0 0 0 1 4 0BC
1BD 0 1		1 0 0 6 0 4 6 8 0 0 1 0 1BD
1BD 1 0		1 0 0 1 0 1 6 4 D 0 1 1 1BD
1BD 1 1		1 0 0 6 0 0 6 0 0 0 0 1 168

1BE 0 0		1 0 1 4 1 0 6 8 8 0 0 4 0BF
1BE 0 1		1 0 1 4 1 7 5 1 8 0 1 0 1BE
1BE 1 0		1 0 1 4 1 4 5 8 7 0 1 1 1BE
1BE 1 1		1 0 1 4 1 6 6 8 7 0 1 4 0BF

1BF 0 0		1 0 0 6 0 6 6 8 0 0 0 4 0C0
1BF 0 1		1 0 0 1 0 1 6 4 D 0 2 0 11F
1BF 1 0		0 0 0 0 0 7 6 5 D 7 1 1 1BF
1BF 1 1		1 0 0 5 0 6 6 0 0 0 0 1 020

1C0 0 0		1 0 0 5 0 6 6 0 0 0 3 1 11F
1C0 0 1		1 0 0 5 0 6 6 0 0 0 2 2 018
1C0 1 0		1 0 0 3 0 3 1 5 F 0 5 0 121
1C0 1 1		1 0 1 5 1 7 0 8 6 0 5 0 122

1C1 0 0		1 0 0 5 0 6 6 1 0 0 0 1 1C1
1C1 0 1		1 0 0 1 0 1 6 5 F 0 0 1 16D
1C1 1 0		1 0 1 7 1 7 6 1 1 0 0 1 020
1C1 1 1		1 0 1 2 1 2 3 8 F 0 1 2 022

1C2 0 0		1 0 0 2 0 5 6 8 0 0 0 1 1C2
1C2 0 1		0 0 1 0 1 3 6 E F 0 1 0 1C2
1C2 1 0		1 0 0 1 0 1 6 4 D 0 1 1 1C2
1C2 1 1		1 0 1 0 1 0 6 0 1 0 0 1 020

1C3 0 0		1 0 0 7 0 4 6 8 0 0 2 6 02B
1C3 0 1		1 0 2 3 0 3 0 4 D 0 1 0 1C3
1C3 1 0		1 0 0 6 0 6 6 0 0 A 0 1 173
1C3 1 1		1 0 0 6 0 6 6 0 0 4 0 0 1C4

1C4 0 0		1 0 2 3 0 3 0 5 C 0 5 2 02C
1C4 0 1		0 0 1 0 1 2 6 8 B 0 1 0 1C4
1C4 1 0		0 0 1 0 1 1 6 8 3 0 0 3 0CF
1C4 1 1		1 0 1 2 1 2 3 8 F 0 0 0 1C5

1C5 0 0		1 0 1 1 1 1 3 8 F D 3 3 02D
1C5 0 1		0 0 1 0 1 3 6 8 F 0 1 0 1C5
1C5 1 0		1 0 0 1 0 1 6 4 D 0 1 1 1C5
1C5 1 1		1 0 1 6 1 6 5 8 1 0 1 4 0CF

1C6 0 0		1 0 0 6 0 6 6 0 0 0 0 1 1C6
1C6 0 1		1 0 2 3 0 3 0 5 D 0 5 1 127
1C6 1 0		1 0 0 7 0 4 6 8 0 0 2 6 030
1C6 1 1		1 0 0 7 0 0 6 8 0 0 0 0 1C7

1C7 0 0		0 0 1 0 1 7 6 1 1 0 0 1 1C7
1C7 0 1		0 0 1 0 1 3 6 8 8 0 1 0 1C7
1C7 1 0		0 0 0 0 0 5 1 5 D 0 2 2 03A
1C7 1 1		0 0 2 0 0 3 0 4 D 8 2 1 129

1C8 0 0		1 0 0 1 0 1 6 4 F 0 3 1 12A
1C8 0 1		1 0 0 1 0 1 6 5 F 0 1 0 1C8
1C8 1 0		1 0 1 6 1 6 5 1 3 0 0 1 020
1C8 1 1		0 0 0 0 0 3 6 8 0 0 0 0 1C9

1C9 0 0		0 0 0 0 0 2 2 9 0 0 0 1 17B
1C9 0 1		1 0 0 4 0 4 3 8 0 0 1 0 1C9
1C9 1 0		1 0 0 5 0 5 3 8 0 0 5 1 12B
1C9 1 1		1 1 0 4 0 2 3 8 0 0 1 1 0D3

1CA 0 0		0 0 2 0 0 3 0 8 0 0 0 1 1CA
1CA 0 1		1 0 0 1 0 1 6 4 C 0 1 0 1CA
1CA 1 0		1 0 0 7 0 7 6 1 0 0 1 4 0D3
1CA 1 1		1 0 0 6 0 2 6 0 0 0 0 2 0D5

1CB 0 0		1 1 1 1 1 6 3 8 8 0 5 0 12D
1CB 0 1		1 0 0 6 0 0 6 0 0 0 1 0 1CB
1CB 1 0		1 0 0 1 0 1 6 8 0 0 0 3 0C2
1CB 1 1		1 0 0 6 0 6 6 0 0 0 1 6 04F

1CC 0 0		0 0 1 0 1 5 6 8 1 0 0 0 18A
1CC 0 1		1 0 0 7 0 4 6 1 0 B 1 0 0DA
1CC 1 0		1 0 0 6 0 4 6 8 0 0 1 1 1CC
1CC 1 1		1 0 0 3 0 3 1 8 0 0 5 1 130

1CD 0 0		0 0 1 0 1 3 6 2 F 0 1 5 0DD
1CD 0 1		1 0 0 6 0 6 6 0 0 0 1 0 131
1CD 1 0		0 0 0 0 0 7 6 0 0 2 0 0 183
1CD 1 1		0 0 1 0 1 5 6 8 2 0 1 0 183

1CE 0 0		0 0 1 0 1 2 6 9 E 0 0 0 18A
1CE 0 1		1 0 0 7 0 7 6 1 0 0 2 4 046
1CE 1 0		1 0 3 3 5 3 1 5 E 0 1 1 1CE
1CE 1 1		1 0 0 7 0 7 6 1 0 0 0 1 0E4

1CF 0 0		1 0 0 3 0 3 4 5 E 0 1 6 0E4
1CF 0 1		1 0 0 7 0 7 6 1 0 B 1 0 1CF
1CF 1 0		0 0 1 0 1 3 6 2 C 0 0 5 0E5
1CF 1 1		1 0 2 3 0 3 0 2 0 B 3 5 04B

1D0 0 0		1 0 0 6 0 6 6 0 0 D 1 0 186
1D0 0 1		1 0 1 3 1 7 6 2 B B 2 5 04E
1D0 1 0		0 0 1 0 1 6 6 8 4 0 0 1 189
1D0 1 1		1 0 0 3 0 3 1 5 E 0 5 0 136

1D1 0 0		1 0 0 6 0 6 6 0 0 0 0 1 1D1
1D1 0 1		1 0 1 6 1 6 6 8 8 0 0 4 0E7
1D1 1 0		1 0 0 1 0 1 6 5 D 0 1 1 1D1
1D1 1 1		1 0 0 6 0 6 6 0 0 0 0 0 1D2

1D2 0 0		0 0 1 0 1 3 6 8 D 0 0 1 1D2
1D2 0 1		0 0 1 0 1 3 6 2 F 8 1 5 0EA
1D2 1 0		1 0 0 6 0 0 6 0 0 0 0 0 18B
1D2 1 1		1 0 0 3 0 3 1 3 0 0 5 5 059

1D3 0 0		1 0 1 0 1 6 6 8 9 0 0 4 0F0
1D3 0 1		0 0 1 0 1 5 6 8 B 0 1 0 1D3
1D3 1 0		1 0 0 2 0 7 6 8 0 0 1 1 1D3
1D3 1 1		1 0 3 5 7 2 3 8 0 0 0 0 1D4

1D4 0 0		0 0 1 0 1 5 6 8 3 0 0 1 1D4
1D4 0 1		1 0 0 1 0 7 6 8 0 0 1 0 1D4
1D4 1 0		1 0 3 5 7 1 3 8 0 0 5 0 13B
1D4 1 1		1 0 0 2 0 4 6 8 0 0 0 0 1D5

1D5 0 0		1 0 1 4 4 2 3 8 0 0 0 1 1D5
1D5 0 1		1 0 0 1 0 4 6 8 0 0 1 0 1D5
1D5 1 0		1 0 1 4 4 1 3 8 0 0 1 1 1D5
1D5 1 1		1 0 0 0 0 4 6 8 0 D 0 0 1D6

1D6 0 0		1 1 1 5 5 5 3 8 0 0 1 0 18F
1D6 0 1		1 1 1 6 6 6 3 8 0 0 1 0 1D6
1D6 1 0		1 0 2 3 0 3 0 8 0 D 1 4 0F0
1D6 1 1		0 0 0 0 0 6 6 8 0 0 0 0 1D7

1D7 0 0		0 0 0 0 0 5 6 8 0 0 1 0 0F0
1D7 0 1		1 0 0 3 0 3 1 4 D 0 5 1 13B
1D7 1 0		1 0 1 3 1 6 2 9 3 0 5 1 13C
1D7 1 1		0 0 2 0 0 3 0 8 0 0 0 0 192

1D8 0 0		1 0 0 7 0 7 6 1 0 0 1 4 0F2
1D8 0 1		1 0 2 3 0 3 0 4 E 0 0 4 0F3
1D8 1 0		1 0 0 1 0 1 6 4 D 0 1 1 1D8
1D8 1 1		0 0 0 0 0 7 6 1 0 0 0 0 1D9

1D9 0 0		0 0 0 0 0 5 6 4 F 0 0 1 1D9
1D9 0 1		0 0 0 0 0 6 6 1 0 0 1 0 1D9
1D9 1 0		1 0 0 4 0 3 6 5 E 0 1 1 1D9
1D9 1 1		1 0 0 7 0 7 6 1 0 0 0 0 1DA

1DA 0 0		1 0 0 4 0 0 6 8 0 0 3 1 140
1DA 0 1		0 0 1 0 1 4 6 8 1 0 1 1 142
1DA 1 0		1 0 1 3 4 3 1 5 D 0 1 1 1DA
1DA 1 1		1 0 0 7 0 7 6 1 0 0 0 0 195

1DB 0 0		1 0 0 7 0 5 6 1 0 0 0 1 1DB
1DB 0 1		1 0 3 3 4 3 0 4 D B 2 6 062
1DB 1 0		1 0 2 3 0 3 0 5 F A 3 3 063
1DB 1 1		1 0 0 1 0 1 6 4 F 0 0 0 1DC

1DC 0 0		1 0 0 7 0 7 6 1 0 0 1 4 0F4
1DC 0 1		1 0 2 7 0 7 4 1 0 0 0 4 0F5
1DC 1 0		1 0 0 1 0 1 6 5 E 0 2 1 141
1DC 1 1		0 0 0 0 0 6 6 1 0 1 0 0 1DD

1DD 0 0		1 0 1 7 1 7 6 8 8 3 0 4 0F6
1DD 0 1		0 0 1 0 1 5 6 8 1 4 1 1 197
1DD 1 0		0 0 1 0 1 6 6 8 1 0 1 1 19F
1DD 1 1		0 0 2 0 0 1 0 5 D 0 3 3 088

1DE 0 0		1 0 0 1 0 1 6 4 D 0 0 1 1DE
1DE 0 1		0 0 0 0 0 7 6 0 0 0 1 0 1DE
1DE 1 0		1 0 0 6 0 4 6 8 0 0 1 4 0FA
1DE 1 1		1 0 1 6 1 6 0 8 6 0 5 1 146

1DF 0 0		0 0 1 0 1 6 6 0 D 0 0 1 017
1DF 0 1		0 0 1 0 1 6 6 0 D 0 0 0 198
1DF 1 0		1 0 1 6 1 6 6 8 5 B 1 1 1DF
1DF 1 1		1 0 1 7 1 7 6 8 C D 2 4 096

1E0 0 0		1 0 2 1 0 1 3 8 0 0 5 3 097
1E0 0 1		1 0 0 1 0 1 3 8 0 0 1 0 1E0
1E0 1 0		1 0 1 3 1 3 2 2 E 0 1 1 1E0
1E0 1 1		1 0 0 7 0 7 6 1 0 0 0 0 1E1

1E1 0 0		1 0 1 6 1 6 5 8 7 0 0 1 1E1
1E1 0 1		1 0 1 6 1 6 6 8 4 0 0 4 102
1E1 1 0		0 0 0 0 0 6 6 B 0 0 1 1 1E1
1E1 1 1		0 0 0 0 0 7 6 8 0 0 0 0 14A

1E2 0 0		1 0 0 7 0 7 3 8 0 0 0 1 1E2
1E2 0 1		1 0 0 4 0 4 3 8 0 0 5 0 14A
1E2 1 0		1 0 0 4 0 4 6 8 0 0 1 1 1E2
1E2 1 1		1 0 0 7 0 7 3 8 0 0 5 0 14B

1E3 0 0		1 0 1 5 5 5 2 8 0 0 0 6 103
1E3 0 1		0 0 1 0 1 5 6 8 1 0 1 0 1E3
1E3 1 0		0 0 1 0 1 3 6 7 7 0 0 1 09A
1E3 1 1		1 0 1 1 1 6 0 8 6 0 5 1 14C

1E4 0 0		0 0 1 0 1 7 6 1 D 0 0 0 1AD
1E4 0 1		1 0 0 7 0 7 6 1 0 0 1 1 14D
1E4 1 0		1 0 0 7 0 7 6 1 0 0 1 1 1E4
1E4 1 1		1 0 3 3 4 3 1 5 E B 2 3 09D

1E5 0 0		0 0 1 0 1 7 6 1 F D 0 6 105
1E5 0 1		1 0 0 7 0 7 6 1 0 D 2 4 09E
1E5 1 0		1 0 1 3 5 3 1 5 E 0 3 6 09F
1E5 1 1		1 0 1 3 5 3 1 5 E 0 0 0 1E6

1E6 0 0		1 0 0 7 0 7 6 0 0 0 0 1 1E6
1E6 0 1		1 0 1 3 1 7 6 8 D 0 1 4 105
1E6 1 0		0 0 1 0 1 7 6 0 C 0 1 1 1E6
1E6 1 1		1 0 0 2 0 2 6 8 0 A 1 0 1AB

1E7 0 0		0 0 3 0 4 3 6 8 0 0 0 0 1AD
1E7 0 1		1 0 0 7 0 7 6 1 0 0 1 6 106
1E7 1 0		1 0 0 7 0 6 6 0 0 0 1 1 1E7
1E7 1 1		1 0 0 3 0 3 1 8 0 0 0 1 1AC

1E8 0 0		0 0 3 0 4 7 6 1 0 0 1 1 105
1E8 0 1		0 0 1 0 1 4 6 8 2 0 0 1 107
1E8 1 0		1 0 0 6 0 6 6 0 0 0 1 1 1E8
1E8 1 1		1 0 0 3 0 3 4 5 E 0 5 0 14F

1E9 0 0		0 0 0 0 0 3 6 7 0 0 0 0 1AD
1E9 0 1		1 0 1 6 1 6 6 8 5 0 0 4 108
1E9 1 0		1 0 0 6 0 6 6 0 0 0 1 1 1E9
1E9 1 1		1 0 1 6 1 6 5 8 7 0 0 0 1EA

1EA 0 0		1 0 1 6 1 6 6 8 4 0 0 4 109
1EA 0 1		1 0 0 7 0 7 6 1 0 0 2 1 14F
1EA 1 0		1 0 0 7 0 7 6 1 0 0 1 6 10B
1EA 1 1		1 0 0 6 0 6 6 0 0 0 0 6 10C

1EB 0 0		1 0 0 1 0 1 6 4 F 0 0 1 1EB
1EB 0 1		1 0 0 7 0 7 6 1 0 B 1 0 1EB
1EB 1 0		1 0 0 6 0 6 6 8 0 A 0 0 1B3
1EB 1 1		1 0 0 6 0 6 6 0 0 B 0 0 1EC

1EC 0 0		1 0 0 7 0 7 6 1 0 A 0 1 1EC
1EC 0 1		1 0 1 0 1 6 6 8 2 D 0 4 110
1EC 1 0		1 0 0 1 0 1 6 4 F 0 1 1 1EC
1EC 1 1		1 0 0 6 0 6 6 0 0 0 2 4 0AD

1ED 0 0		1 0 0 6 0 6 6 0 0 0 1 6 110
1ED 0 1		1 0 0 3 0 3 1 8 0 0 0 0 1B4
1ED 1 0		1 0 0 4 0 4 3 8 0 0 5 0 156
1ED 1 1		0 0 0 0 0 3 1 4 F 0 0 0 1EE

1EE 0 0		1 0 0 7 0 7 6 1 0 0 2 4 0AF
1EE 0 1		0 0 0 0 0 2 6 8 0 0 1 0 1EE
1EE 1 0		0 0 0 0 0 5 6 8 0 0 1 1 1EE
1EE 1 1		0 0 0 0 0 4 6 8 0 0 0 0 1EF

1EF 0 0		1 0 1 0 1 6 0 8 B 0 5 0 157
1EF 0 1		1 0 2 0 0 0 0 8 0 0 0 0 157
1EF 1 0		1 0 0 5 0 0 6 8 0 0 1 1 1EF
1EF 1 1		0 0 1 0 1 6 6 8 6 0 1 1 157

1F0 0 0		1 0 0 6 0 5 6 8 0 0 0 1 1F0
1F0 0 1		1 0 0 3 0 6 6 E 0 0 1 0 1F0
1F0 1 0		1 0 0 1 0 1 6 8 0 9 0 1 157
1F0 1 1		1 0 2 6 0 3 0 7 0 0 5 0 158

1F1 0 0		1 0 0 7 0 0 6 1 0 0 1 1 0B2
1F1 0 1		0 0 0 0 0 4 6 7 0 0 1 0 1F1
1F1 1 0		0 0 0 0 0 5 6 8 0 0 1 1 1F1
1F1 1 1		1 0 0 1 0 1 6 E 0 0 1 0 15A

1F2 0 0		1 0 0 6 0 6 3 3 0 0 0 1 1F2
1F2 0 1		1 0 0 4 0 4 6 0 0 0 1 0 1F2
1F2 1 0		1 0 0 5 0 5 6 1 0 0 0 6 113
1F2 1 1		1 0 2 1 0 1 3 8 0 0 5 0 15A

1F3 0 0		1 0 0 4 0 0 6 7 0 0 1 0 15B
1F3 0 1		1 0 0 4 0 7 6 8 0 0 1 0 1F3
1F3 1 0		1 0 0 6 0 4 6 8 0 0 1 1 1F3
1F3 1 1		1 0 0 0 0 0 3 E 0 0 5 1 15B

1F4 0 0		0 0 0 0 0 5 6 8 0 0 0 1 1F4
1F4 0 1		1 0 0 1 0 1 6 E 0 0 0 1 113
1F4 1 0		1 0 2 3 0 3 2 3 0 0 1 1 1F4
1F4 1 1		1 0 0 4 0 4 6 0 0 0 0 0 1F5

1F5 0 0		1 0 0 5 0 5 6 1 0 0 4 1 15D
1F5 0 1		1 0 0 2 0 2 3 8 0 0 1 0 1F5
1F5 1 0		1 0 0 1 0 1 3 8 0 0 1 1 1F5
1F5 1 1		1 0 0 1 0 1 6 3 0 0 0 0 1F6

1F6 0 0		1 0 1 3 1 3 2 3 E 0 0 1 1F6
1F6 0 1		1 0 0 6 0 4 6 0 0 0 1 0 1F6
1F6 1 0		1 0 0 7 0 5 6 1 0 0 4 1 15D
1F6 1 1		1 0 2 3 0 3 2 8 0 0 0 1 15D

1F7 0 0		1 0 2 1 0 1 3 8 0 0 5 0 15E
1F7 0 1		1 0 2 3 0 3 4 4 D 0 1 0 1F7
1F7 1 0		0 0 1 0 1 6 6 0 3 0 0 0 174
1F7 1 1		0 0 0 0 0 0 0 0 0 0 0 0 150

1F8 0 0		0 0 0 0 0 0 0 0 0 0 0 0 000
1F8 0 1		0 0 0 0 0 0 0 0 0 0 0 0 000
1F8 1 0		0 0 0 0 0 0 0 0 0 0 0 0 000
1F8 1 1		0 0 0 0 0 0 0 0 0 0 0 0 000

1F9 0 0		0 0 0 0 0 0 0 0 0 0 0 0 000
1F9 0 1		0 0 0 0 0 0 0 0 0 0 0 0 000
1F9 1 0		0 0 0 0 0 0 0 0 0 0 0 0 000
1F9 1 1		0 0 0 0 0 0 0 0 0 0 0 0 000

1FA 0 0		0 0 0 0 0 0 0 0 0 0 0 0 000
1FA 0 1		0 0 0 0 0 0 0 0 0 0 0 0 000
1FA 1 0		0 0 0 0 0 0 0 0 0 0 0 0 000
1FA 1 1		0 0 0 0 0 0 0 0 0 0 0 0 000

1FB 0 0		0 0 0 0 0 0 0 0 0 0 0 0 000
1FB 0 1		0 0 0 0 0 0 0 0 0 0 0 0 000
1FB 1 0		0 0 0 0 0 0 0 0 0 0 0 0 000
1FB 1 1		0 0 0 0 0 0 0 0 0 0 0 0 000

1FC 0 0		0 0 0 0 0 0 0 0 0 0 0 0 000
1FC 0 1		0 0 0 0 0 0 0 0 0 0 0 0 000
1FC 1 0		0 0 0 0 0 0 0 0 0 0 0 0 000
1FC 1 1		0 0 0 0 0 0 0 0 0 0 0 0 000

1FD 0 0		0 0 0 0 0 0 0 0 0 0 0 0 000
1FD 0 1		0 0 0 0 0 0 0 0 0 0 0 0 000
1FD 1 0		0 0 0 0 0 0 0 0 0 0 0 0 000
1FD 1 1		0 0 0 0 0 0 0 0 0 0 0 0 000

1FE 0 0		0 0 0 0 0 0 0 0 0 0 0 0 000
1FE 0 1		0 0 0 0 0 0 0 0 0 0 0 0 000
1FE 1 0		0 0 0 0 0 0 0 0 0 0 0 0 000
1FE 1 1		0 0 0 0 0 0 0 0 0 0 0 0 000

1FF 0 0		0 0 0 0 0 0 0 0 0 0 0 0 000
1FF 0 1		0 0 0 0 0 0 0 0 0 0 0 0 000
1FF 1 0		0 0 0 0 0 0 0 0 0 0 0 0 000
1FF 1 1		0 0 0 0 0 0 0 0 0 0 0 0 000
