0.25
0
0.062
0.125
0.188
0.25
0.188
0.125
0.125
0
0
0
-0.062
-0.188
-0.5
-0.625
-0.625
-0.562
-0.5
-0.562
-0.75
-1.062
-1
-1.125
-1.312
-1.25
-1.188
-1.25
-1.312
-1.375
-1.875
-2
-1.938
-1.375
-1.312
-0.562
-0.562
-0.562
1.125
2.25
2.125
2.625
2.625
2.312
1.312
1.188
1.375
2.5
4.812
6.188
5.812
6.188
5.875
4.25
2.875
3.25
5.312
4.125
2.938
2.5
2.312
2
2.25
2.375
2.438
1.312
0.688
0
-0.5
-0.875
-1.375
-1.812
-2.5
-3
-3.312
-3.562
-3.625
-3.5
-3.75
-3.75
-4
-4.25
-4.25
-4.188
-4.562
-4.75
-5
-5
-5.188
-5.125
-5.188
-5.5
-5.5
-5.688
-5.875
-5.812
